ts_code,trade_date,close,pre_close,vol,amount
600393.SH,20260213,,,0.0,0.0
600393.SH,20260212,,,0.0,0.0
600393.SH,20260211,,,0.0,0.0
600393.SH,20260210,,,0.0,0.0
600393.SH,20260209,,,0.0,0.0
600393.SH,20260206,,,0.0,0.0
600393.SH,20260205,,,0.0,0.0
600393.SH,20260204,,,0.0,0.0
600393.SH,20260203,,,0.0,0.0
600393.SH,20260202,,,0.0,0.0
600393.SH,20260130,,,0.0,0.0
600393.SH,20260129,,,0.0,0.0
600393.SH,20260128,,,0.0,0.0
600393.SH,20260127,,,0.0,0.0
600393.SH,20260126,,,0.0,0.0
600393.SH,20260123,,,0.0,0.0
600393.SH,20260122,,,0.0,0.0
600393.SH,20260121,,,0.0,0.0
600393.SH,20260120,,,0.0,0.0
600393.SH,20260119,,,0.0,0.0
600393.SH,20260116,,,0.0,0.0
600393.SH,20260115,,,0.0,0.0
600393.SH,20260114,,,0.0,0.0
600393.SH,20260113,,,0.0,0.0
600393.SH,20260112,,,0.0,0.0
600393.SH,20260109,,,0.0,0.0
600393.SH,20260108,,,0.0,0.0
600393.SH,20260107,,,0.0,0.0
600393.SH,20260106,,,0.0,0.0
600393.SH,20260105,,,0.0,0.0
600393.SH,20251231,,,0.0,0.0
600393.SH,20251230,,,0.0,0.0
600393.SH,20251229,,,0.0,0.0
600393.SH,20251226,,,0.0,0.0
600393.SH,20251225,,,0.0,0.0
600393.SH,20251224,,,0.0,0.0
600393.SH,20251223,,,0.0,0.0
600393.SH,20251222,,,0.0,0.0
600393.SH,20251219,,,0.0,0.0
600393.SH,20251218,,,0.0,0.0
600393.SH,20251217,,,0.0,0.0
600393.SH,20251216,,,0.0,0.0
600393.SH,20251215,,,0.0,0.0
600393.SH,20251212,,,0.0,0.0
600393.SH,20251211,,,0.0,0.0
600393.SH,20251210,,,0.0,0.0
600393.SH,20251209,,,0.0,0.0
600393.SH,20251208,,,0.0,0.0
600393.SH,20251205,,,0.0,0.0
600393.SH,20251204,,,0.0,0.0
600393.SH,20251203,,,0.0,0.0
600393.SH,20251202,,,0.0,0.0
600393.SH,20251201,,,0.0,0.0
600393.SH,20251128,,,0.0,0.0
600393.SH,20251127,,,0.0,0.0
600393.SH,20251126,,,0.0,0.0
600393.SH,20251125,,,0.0,0.0
600393.SH,20251124,,,0.0,0.0
600393.SH,20251121,,,0.0,0.0
600393.SH,20251120,,,0.0,0.0
600393.SH,20251119,,,0.0,0.0
600393.SH,20251118,,,0.0,0.0
600393.SH,20251117,,,0.0,0.0
600393.SH,20251114,,,0.0,0.0
600393.SH,20251113,,,0.0,0.0
600393.SH,20251112,,,0.0,0.0
600393.SH,20251111,,,0.0,0.0
600393.SH,20251110,,,0.0,0.0
600393.SH,20251107,,,0.0,0.0
600393.SH,20251106,,,0.0,0.0
600393.SH,20251105,,,0.0,0.0
600393.SH,20251104,,,0.0,0.0
600393.SH,20251103,,,0.0,0.0
600393.SH,20251031,,,0.0,0.0
600393.SH,20251030,,,0.0,0.0
600393.SH,20251029,,,0.0,0.0
600393.SH,20251028,,,0.0,0.0
600393.SH,20251027,,,0.0,0.0
600393.SH,20251024,,,0.0,0.0
600393.SH,20251023,,,0.0,0.0
600393.SH,20251022,,,0.0,0.0
600393.SH,20251021,,,0.0,0.0
600393.SH,20251020,,,0.0,0.0
600393.SH,20251017,,,0.0,0.0
600393.SH,20251016,,,0.0,0.0
600393.SH,20251015,,,0.0,0.0
600393.SH,20251014,,,0.0,0.0
600393.SH,20251013,,,0.0,0.0
600393.SH,20251010,,,0.0,0.0
600393.SH,20251009,,,0.0,0.0
600393.SH,20250930,,,0.0,0.0
600393.SH,20250929,,,0.0,0.0
600393.SH,20250926,,,0.0,0.0
600393.SH,20250925,,,0.0,0.0
600393.SH,20250924,,,0.0,0.0
600393.SH,20250923,,,0.0,0.0
600393.SH,20250922,,,0.0,0.0
600393.SH,20250919,,,0.0,0.0
600393.SH,20250918,,,0.0,0.0
600393.SH,20250917,,,0.0,0.0
600393.SH,20250916,,,0.0,0.0
600393.SH,20250915,,,0.0,0.0
600393.SH,20250912,,,0.0,0.0
600393.SH,20250911,,,0.0,0.0
600393.SH,20250910,,,0.0,0.0
600393.SH,20250909,,,0.0,0.0
600393.SH,20250908,,,0.0,0.0
600393.SH,20250905,,,0.0,0.0
600393.SH,20250904,,,0.0,0.0
600393.SH,20250903,,,0.0,0.0
600393.SH,20250902,,,0.0,0.0
600393.SH,20250901,,,0.0,0.0
600393.SH,20250829,,,0.0,0.0
600393.SH,20250828,,,0.0,0.0
600393.SH,20250827,,,0.0,0.0
600393.SH,20250826,,,0.0,0.0
600393.SH,20250825,,,0.0,0.0
600393.SH,20250822,,,0.0,0.0
600393.SH,20250821,,,0.0,0.0
600393.SH,20250820,,,0.0,0.0
600393.SH,20250819,,,0.0,0.0
600393.SH,20250818,,,0.0,0.0
600393.SH,20250815,,,0.0,0.0
600393.SH,20250814,,,0.0,0.0
600393.SH,20250813,,,0.0,0.0
600393.SH,20250812,,,0.0,0.0
600393.SH,20250811,,,0.0,0.0
600393.SH,20250808,,,0.0,0.0
600393.SH,20250807,,,0.0,0.0
600393.SH,20250806,,,0.0,0.0
600393.SH,20250805,,,0.0,0.0
600393.SH,20250804,,,0.0,0.0
600393.SH,20250801,,,0.0,0.0
600393.SH,20250731,,,0.0,0.0
600393.SH,20250730,,,0.0,0.0
600393.SH,20250729,,,0.0,0.0
600393.SH,20250728,,,0.0,0.0
600393.SH,20250725,,,0.0,0.0
600393.SH,20250724,,,0.0,0.0
600393.SH,20250723,,,0.0,0.0
600393.SH,20250722,,,0.0,0.0
600393.SH,20250721,,,0.0,0.0
600393.SH,20250718,,,0.0,0.0
600393.SH,20250717,,,0.0,0.0
600393.SH,20250716,,,0.0,0.0
600393.SH,20250715,,,0.0,0.0
600393.SH,20250714,,,0.0,0.0
600393.SH,20250711,,,0.0,0.0
600393.SH,20250710,,,0.0,0.0
600393.SH,20250709,,,0.0,0.0
600393.SH,20250708,,,0.0,0.0
600393.SH,20250707,,,0.0,0.0
600393.SH,20250704,,,0.0,0.0
600393.SH,20250703,,,0.0,0.0
600393.SH,20250702,,,0.0,0.0
600393.SH,20250701,,,0.0,0.0
600393.SH,20250630,,,0.0,0.0
600393.SH,20250627,,,0.0,0.0
600393.SH,20250626,,,0.0,0.0
600393.SH,20250625,,,0.0,0.0
600393.SH,20250624,,,0.0,0.0
600393.SH,20250623,,,0.0,0.0
600393.SH,20250620,,,0.0,0.0
600393.SH,20250619,,,0.0,0.0
600393.SH,20250618,,,0.0,0.0
600393.SH,20250617,,,0.0,0.0
600393.SH,20250616,,,0.0,0.0
600393.SH,20250613,,,0.0,0.0
600393.SH,20250612,,,0.0,0.0
600393.SH,20250611,,,0.0,0.0
600393.SH,20250610,,,0.0,0.0
600393.SH,20250609,,,0.0,0.0
600393.SH,20250606,,,0.0,0.0
600393.SH,20250605,,,0.0,0.0
600393.SH,20250604,,,0.0,0.0
600393.SH,20250603,,,0.0,0.0
600393.SH,20250530,,,0.0,0.0
600393.SH,20250529,,,0.0,0.0
600393.SH,20250528,,,0.0,0.0
600393.SH,20250527,,,0.0,0.0
600393.SH,20250526,,,0.0,0.0
600393.SH,20250523,,,0.0,0.0
600393.SH,20250522,,,0.0,0.0
600393.SH,20250521,,,0.0,0.0
600393.SH,20250520,,,0.0,0.0
600393.SH,20250519,,,0.0,0.0
600393.SH,20250516,,,0.0,0.0
600393.SH,20250515,,,0.0,0.0
600393.SH,20250514,,,0.0,0.0
600393.SH,20250513,,,0.0,0.0
600393.SH,20250512,,,0.0,0.0
600393.SH,20250509,,,0.0,0.0
600393.SH,20250508,,,0.0,0.0
600393.SH,20250507,,,0.0,0.0
600393.SH,20250506,,,0.0,0.0
600393.SH,20250430,,,0.0,0.0
600393.SH,20250429,,,0.0,0.0
600393.SH,20250428,,,0.0,0.0
600393.SH,20250425,,,0.0,0.0
600393.SH,20250424,,,0.0,0.0
600393.SH,20250423,,,0.0,0.0
600393.SH,20250422,,,0.0,0.0
600393.SH,20250421,,,0.0,0.0
600393.SH,20250418,,,0.0,0.0
600393.SH,20250417,,,0.0,0.0
600393.SH,20250416,,,0.0,0.0
600393.SH,20250415,,,0.0,0.0
600393.SH,20250414,,,0.0,0.0
600393.SH,20250411,,,0.0,0.0
600393.SH,20250410,,,0.0,0.0
600393.SH,20250409,,,0.0,0.0
600393.SH,20250408,,,0.0,0.0
600393.SH,20250407,,,0.0,0.0
600393.SH,20250403,,,0.0,0.0
600393.SH,20250402,,,0.0,0.0
600393.SH,20250401,,,0.0,0.0
600393.SH,20250331,,,0.0,0.0
600393.SH,20250328,,,0.0,0.0
600393.SH,20250327,,,0.0,0.0
600393.SH,20250326,,,0.0,0.0
600393.SH,20250325,,,0.0,0.0
600393.SH,20250324,,,0.0,0.0
600393.SH,20250321,,,0.0,0.0
600393.SH,20250320,,,0.0,0.0
600393.SH,20250319,,,0.0,0.0
600393.SH,20250318,,,0.0,0.0
600393.SH,20250317,,,0.0,0.0
600393.SH,20250314,,,0.0,0.0
600393.SH,20250313,,,0.0,0.0
600393.SH,20250312,,,0.0,0.0
600393.SH,20250311,,,0.0,0.0
600393.SH,20250310,,,0.0,0.0
600393.SH,20250307,,,0.0,0.0
600393.SH,20250306,,,0.0,0.0
600393.SH,20250305,,,0.0,0.0
600393.SH,20250304,,,0.0,0.0
600393.SH,20250303,,,0.0,0.0
600393.SH,20250228,,,0.0,0.0
600393.SH,20250227,,,0.0,0.0
600393.SH,20250226,,,0.0,0.0
600393.SH,20250225,,,0.0,0.0
600393.SH,20250224,,,0.0,0.0
600393.SH,20250221,,,0.0,0.0
600393.SH,20250220,,,0.0,0.0
600393.SH,20250219,,,0.0,0.0
600393.SH,20250218,,,0.0,0.0
600393.SH,20250217,,,0.0,0.0
600393.SH,20250214,,,0.0,0.0
600393.SH,20250213,,,0.0,0.0
600393.SH,20250212,,,0.0,0.0
600393.SH,20250211,,,0.0,0.0
600393.SH,20250210,,,0.0,0.0
600393.SH,20250207,,,0.0,0.0
600393.SH,20250206,,,0.0,0.0
600393.SH,20250205,,,0.0,0.0
600393.SH,20250127,,,0.0,0.0
600393.SH,20250124,,,0.0,0.0
600393.SH,20250123,,,0.0,0.0
600393.SH,20250122,,,0.0,0.0
600393.SH,20250121,,,0.0,0.0
600393.SH,20250120,,,0.0,0.0
600393.SH,20250117,,,0.0,0.0
600393.SH,20250116,,,0.0,0.0
600393.SH,20250115,,,0.0,0.0
600393.SH,20250114,,,0.0,0.0
600393.SH,20250113,,,0.0,0.0
600393.SH,20250110,,,0.0,0.0
600393.SH,20250109,,,0.0,0.0
600393.SH,20250108,,,0.0,0.0
600393.SH,20250107,,,0.0,0.0
600393.SH,20250106,,,0.0,0.0
600393.SH,20250103,,,0.0,0.0
600393.SH,20250102,,,0.0,0.0
600393.SH,20241231,,,0.0,0.0
600393.SH,20241230,,,0.0,0.0
600393.SH,20241227,,,0.0,0.0
600393.SH,20241226,,,0.0,0.0
600393.SH,20241225,,,0.0,0.0
600393.SH,20241224,,,0.0,0.0
600393.SH,20241223,,,0.0,0.0
600393.SH,20241220,,,0.0,0.0
600393.SH,20241219,,,0.0,0.0
600393.SH,20241218,,,0.0,0.0
600393.SH,20241217,,,0.0,0.0
600393.SH,20241216,,,0.0,0.0
600393.SH,20241213,,,0.0,0.0
600393.SH,20241212,,,0.0,0.0
600393.SH,20241211,,,0.0,0.0
600393.SH,20241210,,,0.0,0.0
600393.SH,20241209,,,0.0,0.0
600393.SH,20241206,,,0.0,0.0
600393.SH,20241205,,,0.0,0.0
600393.SH,20241204,,,0.0,0.0
600393.SH,20241203,,,0.0,0.0
600393.SH,20241202,,,0.0,0.0
600393.SH,20241129,,,0.0,0.0
600393.SH,20241128,,,0.0,0.0
600393.SH,20241127,,,0.0,0.0
600393.SH,20241126,,,0.0,0.0
600393.SH,20241125,,,0.0,0.0
600393.SH,20241122,,,0.0,0.0
600393.SH,20241121,,,0.0,0.0
600393.SH,20241120,,,0.0,0.0
600393.SH,20241119,,,0.0,0.0
600393.SH,20241118,,,0.0,0.0
600393.SH,20241115,,,0.0,0.0
600393.SH,20241114,,,0.0,0.0
600393.SH,20241113,,,0.0,0.0
600393.SH,20241112,,,0.0,0.0
600393.SH,20241111,,,0.0,0.0
600393.SH,20241108,,,0.0,0.0
600393.SH,20241107,,,0.0,0.0
600393.SH,20241106,,,0.0,0.0
600393.SH,20241105,,,0.0,0.0
600393.SH,20241104,,,0.0,0.0
600393.SH,20241101,,,0.0,0.0
600393.SH,20241031,,,0.0,0.0
600393.SH,20241030,,,0.0,0.0
600393.SH,20241029,,,0.0,0.0
600393.SH,20241028,,,0.0,0.0
600393.SH,20241025,,,0.0,0.0
600393.SH,20241024,,,0.0,0.0
600393.SH,20241023,,,0.0,0.0
600393.SH,20241022,,,0.0,0.0
600393.SH,20241021,,,0.0,0.0
600393.SH,20241018,,,0.0,0.0
600393.SH,20241017,,,0.0,0.0
600393.SH,20241016,,,0.0,0.0
600393.SH,20241015,,,0.0,0.0
600393.SH,20241014,,,0.0,0.0
600393.SH,20241011,,,0.0,0.0
600393.SH,20241010,,,0.0,0.0
600393.SH,20241009,,,0.0,0.0
600393.SH,20241008,,,0.0,0.0
600393.SH,20240930,,,0.0,0.0
600393.SH,20240927,,,0.0,0.0
600393.SH,20240926,,,0.0,0.0
600393.SH,20240925,,,0.0,0.0
600393.SH,20240924,,,0.0,0.0
600393.SH,20240923,,,0.0,0.0
600393.SH,20240920,,,0.0,0.0
600393.SH,20240919,,,0.0,0.0
600393.SH,20240918,,,0.0,0.0
600393.SH,20240913,,,0.0,0.0
600393.SH,20240912,,,0.0,0.0
600393.SH,20240911,,,0.0,0.0
600393.SH,20240910,,,0.0,0.0
600393.SH,20240909,,,0.0,0.0
600393.SH,20240906,,,0.0,0.0
600393.SH,20240905,,,0.0,0.0
600393.SH,20240904,,,0.0,0.0
600393.SH,20240903,,,0.0,0.0
600393.SH,20240902,,,0.0,0.0
600393.SH,20240830,,,0.0,0.0
600393.SH,20240829,,,0.0,0.0
600393.SH,20240828,,,0.0,0.0
600393.SH,20240827,,,0.0,0.0
600393.SH,20240826,,,0.0,0.0
600393.SH,20240823,,,0.0,0.0
600393.SH,20240822,,,0.0,0.0
600393.SH,20240821,,,0.0,0.0
600393.SH,20240820,,,0.0,0.0
600393.SH,20240819,,,0.0,0.0
600393.SH,20240816,,,0.0,0.0
600393.SH,20240815,,,0.0,0.0
600393.SH,20240814,,,0.0,0.0
600393.SH,20240813,,,0.0,0.0
600393.SH,20240812,,,0.0,0.0
600393.SH,20240809,,,0.0,0.0
600393.SH,20240808,,,0.0,0.0
600393.SH,20240807,,,0.0,0.0
600393.SH,20240806,,,0.0,0.0
600393.SH,20240805,,,0.0,0.0
600393.SH,20240802,,,0.0,0.0
600393.SH,20240801,,,0.0,0.0
600393.SH,20240731,,,0.0,0.0
600393.SH,20240730,,,0.0,0.0
600393.SH,20240729,,,0.0,0.0
600393.SH,20240726,,,0.0,0.0
600393.SH,20240725,,,0.0,0.0
600393.SH,20240724,,,0.0,0.0
600393.SH,20240723,,,0.0,0.0
600393.SH,20240722,,,0.0,0.0
600393.SH,20240719,,,0.0,0.0
600393.SH,20240718,,,0.0,0.0
600393.SH,20240717,,,0.0,0.0
600393.SH,20240716,,,0.0,0.0
600393.SH,20240715,,,0.0,0.0
600393.SH,20240712,,,0.0,0.0
600393.SH,20240711,,,0.0,0.0
600393.SH,20240710,,,0.0,0.0
600393.SH,20240709,,,0.0,0.0
600393.SH,20240708,,,0.0,0.0
600393.SH,20240705,,,0.0,0.0
600393.SH,20240704,,,0.0,0.0
600393.SH,20240703,,,0.0,0.0
600393.SH,20240702,,,0.0,0.0
600393.SH,20240701,,,0.0,0.0
600393.SH,20240628,,,0.0,0.0
600393.SH,20240627,,,0.0,0.0
600393.SH,20240626,,,0.0,0.0
600393.SH,20240625,,,0.0,0.0
600393.SH,20240624,,,0.0,0.0
600393.SH,20240621,,,0.0,0.0
600393.SH,20240620,,,0.0,0.0
600393.SH,20240619,,,0.0,0.0
600393.SH,20240618,,,0.0,0.0
600393.SH,20240617,,,0.0,0.0
600393.SH,20240614,,,0.0,0.0
600393.SH,20240613,,,0.0,0.0
600393.SH,20240612,,,0.0,0.0
600393.SH,20240611,,,0.0,0.0
600393.SH,20240607,,,0.0,0.0
600393.SH,20240606,,,0.0,0.0
600393.SH,20240605,,,0.0,0.0
600393.SH,20240604,,,0.0,0.0
600393.SH,20240603,,,0.0,0.0
600393.SH,20240531,,,0.0,0.0
600393.SH,20240530,,,0.0,0.0
600393.SH,20240529,,,0.0,0.0
600393.SH,20240528,,,0.0,0.0
600393.SH,20240527,,,0.0,0.0
600393.SH,20240524,,,0.0,0.0
600393.SH,20240523,,,0.0,0.0
600393.SH,20240522,,,0.0,0.0
600393.SH,20240521,,,0.0,0.0
600393.SH,20240520,,,0.0,0.0
600393.SH,20240517,,,0.0,0.0
600393.SH,20240516,,,0.0,0.0
600393.SH,20240515,,,0.0,0.0
600393.SH,20240514,,,0.0,0.0
600393.SH,20240513,,,0.0,0.0
600393.SH,20240510,,,0.0,0.0
600393.SH,20240509,,,0.0,0.0
600393.SH,20240508,,,0.0,0.0
600393.SH,20240507,,,0.0,0.0
600393.SH,20240506,,,0.0,0.0
600393.SH,20240430,,,0.0,0.0
600393.SH,20240429,,,0.0,0.0
600393.SH,20240426,,,0.0,0.0
600393.SH,20240425,,,0.0,0.0
600393.SH,20240424,,,0.0,0.0
600393.SH,20240423,,,0.0,0.0
600393.SH,20240422,,,0.0,0.0
600393.SH,20240419,,,0.0,0.0
600393.SH,20240418,,,0.0,0.0
600393.SH,20240417,,,0.0,0.0
600393.SH,20240416,,,0.0,0.0
600393.SH,20240415,,,0.0,0.0
600393.SH,20240412,,,0.0,0.0
600393.SH,20240411,,,0.0,0.0
600393.SH,20240410,,,0.0,0.0
600393.SH,20240409,,,0.0,0.0
600393.SH,20240408,,,0.0,0.0
600393.SH,20240403,,,0.0,0.0
600393.SH,20240402,,,0.0,0.0
600393.SH,20240401,,,0.0,0.0
600393.SH,20240329,,,0.0,0.0
600393.SH,20240328,,,0.0,0.0
600393.SH,20240327,,,0.0,0.0
600393.SH,20240326,,,0.0,0.0
600393.SH,20240325,,,0.0,0.0
600393.SH,20240322,,,0.0,0.0
600393.SH,20240321,,,0.0,0.0
600393.SH,20240320,,,0.0,0.0
600393.SH,20240319,,,0.0,0.0
600393.SH,20240318,,,0.0,0.0
600393.SH,20240315,,,0.0,0.0
600393.SH,20240314,,,0.0,0.0
600393.SH,20240313,,,0.0,0.0
600393.SH,20240312,,,0.0,0.0
600393.SH,20240311,,,0.0,0.0
600393.SH,20240308,,,0.0,0.0
600393.SH,20240307,,,0.0,0.0
600393.SH,20240306,,,0.0,0.0
600393.SH,20240305,,,0.0,0.0
600393.SH,20240304,,,0.0,0.0
600393.SH,20240301,,,0.0,0.0
600393.SH,20240229,,,0.0,0.0
600393.SH,20240228,,,0.0,0.0
600393.SH,20240227,,,0.0,0.0
600393.SH,20240226,,,0.0,0.0
600393.SH,20240223,,,0.0,0.0
600393.SH,20240222,,,0.0,0.0
600393.SH,20240221,,,0.0,0.0
600393.SH,20240220,,,0.0,0.0
600393.SH,20240219,,,0.0,0.0
600393.SH,20240208,,,0.0,0.0
600393.SH,20240207,,,0.0,0.0
600393.SH,20240206,,,0.0,0.0
600393.SH,20240205,,,0.0,0.0
600393.SH,20240202,,,0.0,0.0
600393.SH,20240201,,,0.0,0.0
600393.SH,20240131,,,0.0,0.0
600393.SH,20240130,,,0.0,0.0
600393.SH,20240129,,,0.0,0.0
600393.SH,20240126,,,0.0,0.0
600393.SH,20240125,,,0.0,0.0
600393.SH,20240124,,,0.0,0.0
600393.SH,20240123,,,0.0,0.0
600393.SH,20240122,,,0.0,0.0
600393.SH,20240119,,,0.0,0.0
600393.SH,20240118,,,0.0,0.0
600393.SH,20240117,,,0.0,0.0
600393.SH,20240116,,,0.0,0.0
600393.SH,20240115,,,0.0,0.0
600393.SH,20240112,,,0.0,0.0
600393.SH,20240111,,,0.0,0.0
600393.SH,20240110,,,0.0,0.0
600393.SH,20240109,,,0.0,0.0
600393.SH,20240108,,,0.0,0.0
600393.SH,20240105,,,0.0,0.0
600393.SH,20240104,,,0.0,0.0
600393.SH,20240103,,,0.0,0.0
600393.SH,20240102,,,0.0,0.0
600393.SH,20231229,,,0.0,0.0
600393.SH,20231228,,,0.0,0.0
600393.SH,20231227,,,0.0,0.0
600393.SH,20231226,,,0.0,0.0
600393.SH,20231225,,,0.0,0.0
600393.SH,20231222,,,0.0,0.0
600393.SH,20231221,,,0.0,0.0
600393.SH,20231220,,,0.0,0.0
600393.SH,20231219,,,0.0,0.0
600393.SH,20231218,,,0.0,0.0
600393.SH,20231215,,,0.0,0.0
600393.SH,20231214,,,0.0,0.0
600393.SH,20231213,,,0.0,0.0
600393.SH,20231212,,,0.0,0.0
600393.SH,20231211,,,0.0,0.0
600393.SH,20231208,,,0.0,0.0
600393.SH,20231207,,,0.0,0.0
600393.SH,20231206,,,0.0,0.0
600393.SH,20231205,,,0.0,0.0
600393.SH,20231204,,,0.0,0.0
600393.SH,20231201,,,0.0,0.0
600393.SH,20231130,,,0.0,0.0
600393.SH,20231129,,,0.0,0.0
600393.SH,20231128,,,0.0,0.0
600393.SH,20231127,,,0.0,0.0
600393.SH,20231124,,,0.0,0.0
600393.SH,20231123,,,0.0,0.0
600393.SH,20231122,,,0.0,0.0
600393.SH,20231121,,,0.0,0.0
600393.SH,20231120,,,0.0,0.0
600393.SH,20231117,,,0.0,0.0
600393.SH,20231116,,,0.0,0.0
600393.SH,20231115,,,0.0,0.0
600393.SH,20231114,,,0.0,0.0
600393.SH,20231113,,,0.0,0.0
600393.SH,20231110,,,0.0,0.0
600393.SH,20231109,,,0.0,0.0
600393.SH,20231108,,,0.0,0.0
600393.SH,20231107,,,0.0,0.0
600393.SH,20231106,,,0.0,0.0
600393.SH,20231103,,,0.0,0.0
600393.SH,20231102,,,0.0,0.0
600393.SH,20231101,,,0.0,0.0
600393.SH,20231031,,,0.0,0.0
600393.SH,20231030,,,0.0,0.0
600393.SH,20231027,,,0.0,0.0
600393.SH,20231026,,,0.0,0.0
600393.SH,20231025,,,0.0,0.0
600393.SH,20231024,,,0.0,0.0
600393.SH,20231023,,,0.0,0.0
600393.SH,20231020,,,0.0,0.0
600393.SH,20231019,,,0.0,0.0
600393.SH,20231018,,,0.0,0.0
600393.SH,20231017,,,0.0,0.0
600393.SH,20231016,,,0.0,0.0
600393.SH,20231013,,,0.0,0.0
600393.SH,20231012,,,0.0,0.0
600393.SH,20231011,,,0.0,0.0
600393.SH,20231010,,,0.0,0.0
600393.SH,20231009,,,0.0,0.0
600393.SH,20230928,,,0.0,0.0
600393.SH,20230927,,,0.0,0.0
600393.SH,20230926,,,0.0,0.0
600393.SH,20230925,,,0.0,0.0
600393.SH,20230922,,,0.0,0.0
600393.SH,20230921,,,0.0,0.0
600393.SH,20230920,,,0.0,0.0
600393.SH,20230919,,,0.0,0.0
600393.SH,20230918,,,0.0,0.0
600393.SH,20230915,,,0.0,0.0
600393.SH,20230914,,,0.0,0.0
600393.SH,20230913,,,0.0,0.0
600393.SH,20230912,,,0.0,0.0
600393.SH,20230911,,,0.0,0.0
600393.SH,20230908,,,0.0,0.0
600393.SH,20230907,,,0.0,0.0
600393.SH,20230906,,,0.0,0.0
600393.SH,20230905,,,0.0,0.0
600393.SH,20230904,,,0.0,0.0
600393.SH,20230901,,,0.0,0.0
600393.SH,20230831,,,0.0,0.0
600393.SH,20230830,,,0.0,0.0
600393.SH,20230829,,,0.0,0.0
600393.SH,20230828,,,0.0,0.0
600393.SH,20230825,,,0.0,0.0
600393.SH,20230824,,,0.0,0.0
600393.SH,20230823,,,0.0,0.0
600393.SH,20230822,,,0.0,0.0
600393.SH,20230821,,,0.0,0.0
600393.SH,20230818,,,0.0,0.0
600393.SH,20230817,,,0.0,0.0
600393.SH,20230816,,,0.0,0.0
600393.SH,20230815,,,0.0,0.0
600393.SH,20230814,,,0.0,0.0
600393.SH,20230811,,,0.0,0.0
600393.SH,20230810,,,0.0,0.0
600393.SH,20230809,,,0.0,0.0
600393.SH,20230808,,,0.0,0.0
600393.SH,20230807,,,0.0,0.0
600393.SH,20230804,,,0.0,0.0
600393.SH,20230803,,,0.0,0.0
600393.SH,20230802,,,0.0,0.0
600393.SH,20230801,,,0.0,0.0
600393.SH,20230731,,,0.0,0.0
600393.SH,20230728,,,0.0,0.0
600393.SH,20230727,,,0.0,0.0
600393.SH,20230726,,,0.0,0.0
600393.SH,20230725,,,0.0,0.0
600393.SH,20230724,,,0.0,0.0
600393.SH,20230721,,,0.0,0.0
600393.SH,20230720,,,0.0,0.0
600393.SH,20230719,,,0.0,0.0
600393.SH,20230718,,,0.0,0.0
600393.SH,20230717,,,0.0,0.0
600393.SH,20230714,,,0.0,0.0
600393.SH,20230713,,,0.0,0.0
600393.SH,20230712,,,0.0,0.0
600393.SH,20230711,,,0.0,0.0
600393.SH,20230710,,,0.0,0.0
600393.SH,20230707,,,0.0,0.0
600393.SH,20230706,,,0.0,0.0
600393.SH,20230705,,,0.0,0.0
600393.SH,20230704,,,0.0,0.0
600393.SH,20230703,,,0.0,0.0
600393.SH,20230630,,,0.0,0.0
600393.SH,20230629,,,0.0,0.0
600393.SH,20230628,,,0.0,0.0
600393.SH,20230627,,,0.0,0.0
600393.SH,20230626,,,0.0,0.0
600393.SH,20230621,,,0.0,0.0
600393.SH,20230620,,,0.0,0.0
600393.SH,20230619,,,0.0,0.0
600393.SH,20230616,,,0.0,0.0
600393.SH,20230615,,,0.0,0.0
600393.SH,20230614,,,0.0,0.0
600393.SH,20230613,,,0.0,0.0
600393.SH,20230612,,,0.0,0.0
600393.SH,20230609,,0.37,0.0,0.0
600393.SH,20230608,0.37,0.39,1810155.66,67299.359
600393.SH,20230607,0.39,0.41,38729.0,1510.431
600393.SH,20230606,0.41,0.43,10534.0,431.894
600393.SH,20230605,0.43,0.45000000000000007,9272.0,398.696
600393.SH,20230602,0.45000000000000007,0.4699999999999999,6544.0,294.48
600393.SH,20230601,0.4699999999999999,0.49,11724.0,551.028
600393.SH,20230531,0.49,0.52,6599.0,323.351
600393.SH,20230530,0.52,0.55,10837.0,563.524
600393.SH,20230529,0.55,0.58,8618.0,473.99
600393.SH,20230526,0.58,0.61,20812.0,1207.096
600393.SH,20230525,0.61,0.64,19191.0,1170.651
600393.SH,20230524,0.64,0.67,19029.0,1217.856
600393.SH,20230523,0.67,0.7,33926.0,2273.042
600393.SH,20230522,0.7,0.74,37551.0,2628.57
600393.SH,20230519,0.74,0.78,86329.0,6388.346
600393.SH,20230518,0.78,0.82,45110.0,3518.58
600393.SH,20230517,0.82,0.86,31814.0,2608.748
600393.SH,20230516,0.86,0.9000000000000001,93296.0,8023.456
600393.SH,20230515,0.9000000000000001,0.9499999999999998,215188.0,19392.346
600393.SH,20230512,0.9499999999999998,1.0,399892.0,38415.498
600393.SH,20230511,1.0,1.05,886085.87,88940.798
600393.SH,20230510,1.05,1.11,125164.0,13142.22
600393.SH,20230509,1.11,1.17,32677.0,3627.147
600393.SH,20230508,1.17,1.23,24942.0,2918.214
600393.SH,20230505,1.23,1.23,22480.0,2765.04
600393.SH,20230504,1.23,1.29,0.0,0.0
600393.SH,20230428,1.29,1.22,402218.24,51679.099
600393.SH,20230427,1.22,1.27,342813.08,42623.538
600393.SH,20230426,1.27,1.29,207137.0,26313.448
600393.SH,20230425,1.29,1.32,280410.0,36057.871
600393.SH,20230424,1.32,1.33,378105.44,49032.251
600393.SH,20230421,1.33,1.38,297126.0,40191.924
600393.SH,20230420,1.38,1.39,245714.8,33439.112
600393.SH,20230419,1.39,1.42,241061.0,33685.36
600393.SH,20230418,1.42,1.45,246613.87,35075.989
600393.SH,20230417,1.45,1.46,288220.41,41519.604
600393.SH,20230414,1.46,1.49,339269.0,49771.102
600393.SH,20230413,1.49,1.49,345707.0,51277.07
600393.SH,20230412,1.49,1.5,507832.67,75590.855
600393.SH,20230411,1.5,1.44,951645.41,141931.008
600393.SH,20230410,1.44,1.49,786780.0,113925.596
600393.SH,20230407,1.49,1.35,972853.0,142136.753
600393.SH,20230406,1.35,1.41,396778.0,54099.657
600393.SH,20230404,1.41,1.42,150523.06,21257.804
600393.SH,20230403,1.42,1.39,262284.0,37024.471
600393.SH,20230331,1.39,1.39,174307.02,24327.123
600393.SH,20230330,1.39,1.42,259384.0,36081.227
600393.SH,20230329,1.42,1.44,315664.0,44595.792
600393.SH,20230328,1.44,1.45,185440.87,27020.202
600393.SH,20230327,1.45,1.47,205303.0,29827.606
600393.SH,20230324,1.47,1.48,307749.0,44929.903
600393.SH,20230323,1.48,1.5,146441.09,21725.82
600393.SH,20230322,1.5,1.49,192510.56,28757.074
600393.SH,20230321,1.49,1.49,171524.0,25392.567
600393.SH,20230320,1.49,1.5,164270.0,24628.94
600393.SH,20230317,1.5,1.49,155137.0,23330.483
600393.SH,20230316,1.49,1.53,218172.0,32977.182
600393.SH,20230315,1.53,1.52,200781.0,30753.549
600393.SH,20230314,1.52,1.53,390879.0,58851.891
600393.SH,20230313,1.53,1.55,195403.0,29981.049
600393.SH,20230310,1.55,1.59,259798.0,40444.726
600393.SH,20230309,1.59,1.6,159624.0,25414.896
600393.SH,20230308,1.6,1.59,164480.0,26217.309
600393.SH,20230307,1.59,1.61,233392.0,37386.629
600393.SH,20230306,1.61,1.63,222863.0,35961.117
600393.SH,20230303,1.63,1.63,180076.0,29325.014
600393.SH,20230302,1.63,1.65,164379.0,26894.128
600393.SH,20230301,1.65,1.64,195129.0,32012.283
600393.SH,20230228,1.64,1.62,221821.46,36212.771
600393.SH,20230227,1.62,1.63,164101.0,26719.436
600393.SH,20230224,1.63,1.64,231115.54,37581.806
600393.SH,20230223,1.64,1.64,284905.0,46995.18
600393.SH,20230222,1.64,1.65,274507.0,44797.445
600393.SH,20230221,1.65,1.63,461022.0,76182.714
600393.SH,20230220,1.63,1.63,337966.0,54868.128
600393.SH,20230217,1.63,1.66,424377.0,69637.65
600393.SH,20230216,1.66,1.74,959842.0,161907.02
600393.SH,20230215,1.74,1.7799999999999998,588694.0,102690.009
600393.SH,20230214,1.7799999999999998,1.75,963099.0,173273.642
600393.SH,20230213,1.75,1.74,498166.0,86600.857
600393.SH,20230210,1.74,1.74,625484.0,109316.304
600393.SH,20230209,1.74,1.7699999999999998,593114.0,103153.932
600393.SH,20230208,1.7699999999999998,1.8000000000000003,1039894.02,183646.396
600393.SH,20230207,1.8000000000000003,1.64,938614.0,164811.673
600393.SH,20230206,1.64,1.66,169726.3,27990.318
600393.SH,20230203,1.66,1.68,372789.48,61469.531
600393.SH,20230202,1.68,1.7,288326.28,48401.937
600393.SH,20230201,1.7,1.71,350518.0,59142.439
600393.SH,20230131,1.71,1.7,421070.03,70897.196
600393.SH,20230130,1.7,1.63,582286.38,97751.708
600393.SH,20230120,1.63,1.6,349652.08,56826.408
600393.SH,20230119,1.6,1.61,213267.59,34093.721
600393.SH,20230118,1.61,1.59,242307.0,38974.723
600393.SH,20230117,1.59,1.61,244685.0,39027.846
600393.SH,20230116,1.61,1.61,290167.0,46624.396
600393.SH,20230113,1.61,1.59,245492.0,39354.964
600393.SH,20230112,1.59,1.63,376272.0,60278.543
600393.SH,20230111,1.63,1.65,389809.0,64098.309
600393.SH,20230110,1.65,1.68,379315.0,62326.254
600393.SH,20230109,1.68,1.7,337098.0,56772.618
600393.SH,20230106,1.7,1.74,438292.0,75343.649
600393.SH,20230105,1.74,1.7899999999999998,591182.04,103176.425
600393.SH,20230104,1.7899999999999998,1.76,661428.0,118420.151
600393.SH,20230103,1.76,1.74,422975.0,74076.281
600393.SH,20221230,1.74,1.75,466472.0,81878.239
600393.SH,20221229,1.75,1.8100000000000003,561068.45,98974.817
600393.SH,20221228,1.8100000000000003,1.84,699954.04,127186.803
600393.SH,20221227,1.84,1.7899999999999998,1016116.96,188612.104
600393.SH,20221226,1.7899999999999998,1.7799999999999998,753539.17,134358.815
600393.SH,20221223,1.7799999999999998,1.8100000000000003,923051.17,166011.524
600393.SH,20221222,1.8100000000000003,1.84,1763264.8,323979.711
600393.SH,20221221,1.84,1.67,2086548.97,374880.751
600393.SH,20221220,1.67,1.86,1246342.83,211411.97
600393.SH,20221219,1.86,1.96,2039079.74,379374.901
600393.SH,20221216,1.96,2.0,3023496.74,639010.116
600393.SH,20221215,2.0,1.8200000000000003,690382.87,134430.017
600393.SH,20221214,1.8200000000000003,1.95,1209141.0,225326.734
600393.SH,20221213,1.95,1.7699999999999998,880546.2,165631.516
600393.SH,20221212,1.7699999999999998,1.8000000000000003,399687.0,71197.777
600393.SH,20221209,1.8000000000000003,1.7899999999999998,550970.0,100105.812
600393.SH,20221208,1.7899999999999998,1.7799999999999998,541568.0,97099.802
600393.SH,20221207,1.7799999999999998,1.8000000000000003,497151.0,87808.934
600393.SH,20221206,1.8000000000000003,1.8000000000000003,595987.43,106065.141
600393.SH,20221205,1.8000000000000003,1.7699999999999998,627420.0,113134.088
600393.SH,20221202,1.7699999999999998,1.7899999999999998,741503.02,130623.287
600393.SH,20221201,1.7899999999999998,1.84,1149717.0,208352.758
600393.SH,20221130,1.84,1.7799999999999998,1932854.47,360318.194
600393.SH,20221129,1.7799999999999998,1.68,1642848.02,291135.463
600393.SH,20221128,1.68,1.67,1092277.03,183652.383
600393.SH,20221125,1.67,1.64,1198593.04,200755.773
600393.SH,20221124,1.64,1.58,1519295.03,252711.067
600393.SH,20221123,1.58,1.56,598230.0,93479.972
600393.SH,20221122,1.56,1.59,1004052.0,160635.576
600393.SH,20221121,1.59,1.59,834838.01,131366.371
600393.SH,20221118,1.59,1.66,1420771.08,230744.55
600393.SH,20221117,1.66,1.71,1975306.29,328030.711
600393.SH,20221116,1.71,1.8899999999999997,3268856.56,592463.624
600393.SH,20221115,1.8899999999999997,1.72,663106.08,125317.998
600393.SH,20221114,1.72,1.56,998094.13,171622.344
600393.SH,20221111,1.56,1.42,898244.02,135772.578
600393.SH,20221110,1.42,1.42,262960.0,37265.352
600393.SH,20221109,1.42,1.39,285845.0,40624.529
600393.SH,20221108,1.39,1.37,233418.33,32255.61
600393.SH,20221107,1.37,1.35,288811.0,39567.581
600393.SH,20221104,1.35,1.34,248995.0,33662.425
600393.SH,20221103,1.34,1.34,165674.0,22111.009
600393.SH,20221102,1.34,1.32,226405.0,30352.114
600393.SH,20221101,1.32,1.32,188411.0,24829.493
600393.SH,20221031,1.32,1.31,206369.05,27082.341
600393.SH,20221028,1.31,1.37,306463.0,40641.346
600393.SH,20221027,1.37,1.37,153211.02,20992.509
600393.SH,20221026,1.37,1.36,148088.11,20268.224
600393.SH,20221025,1.36,1.38,241538.85,32794.585
600393.SH,20221024,1.38,1.44,301814.13,42336.415
600393.SH,20221021,1.44,1.42,268193.8,38741.739
600393.SH,20221020,1.42,1.44,186540.8,26615.211
600393.SH,20221019,1.44,1.47,192075.0,27882.971
600393.SH,20221018,1.47,1.47,221296.0,32483.011
600393.SH,20221017,1.47,1.42,352473.0,50916.688
600393.SH,20221014,1.42,1.4,278957.0,39728.42
600393.SH,20221013,1.4,1.42,220027.0,30812.475
600393.SH,20221012,1.42,1.4,232174.0,32379.092
600393.SH,20221011,1.4,1.41,243800.82,33891.558
600393.SH,20221010,1.41,1.43,237307.8,34124.071
600393.SH,20220930,1.43,1.41,206087.13,29457.016
600393.SH,20220929,1.41,1.45,262986.0,37462.488
600393.SH,20220928,1.45,1.5,222103.01,32718.145
600393.SH,20220927,1.5,1.51,342087.0,50812.047
600393.SH,20220926,1.51,1.57,357820.0,54818.294
600393.SH,20220923,1.57,1.56,412804.0,65658.112
600393.SH,20220922,1.56,1.59,290811.0,45739.688
600393.SH,20220921,1.59,1.55,390836.24,60727.517
600393.SH,20220920,1.55,1.54,265775.0,41637.949
600393.SH,20220919,1.54,1.56,242110.96,37236.31
600393.SH,20220916,1.56,1.63,424944.0,67495.882
600393.SH,20220915,1.63,1.61,431026.96,70519.996
600393.SH,20220914,1.61,1.63,345769.24,56095.586
600393.SH,20220913,1.63,1.67,521565.21,85222.019
600393.SH,20220909,1.67,1.73,759034.99,127599.579
600393.SH,20220908,1.73,1.68,853706.04,145299.975
600393.SH,20220907,1.68,1.67,562862.0,93085.79
600393.SH,20220906,1.67,1.6,750395.2,125610.384
600393.SH,20220905,1.6,1.58,292583.0,46753.262
600393.SH,20220902,1.58,1.57,187206.0,29373.725
600393.SH,20220901,1.57,1.55,322967.14,50978.103
600393.SH,20220831,1.55,1.58,210757.0,33020.865
600393.SH,20220830,1.58,1.56,166125.0,26111.566
600393.SH,20220829,1.56,1.53,204735.88,31534.359
600393.SH,20220826,1.53,1.57,212591.0,32874.731
600393.SH,20220825,1.57,1.55,226053.0,35390.883
600393.SH,20220824,1.55,1.6,237640.0,37470.814
600393.SH,20220823,1.6,1.59,177599.0,28297.864
600393.SH,20220822,1.59,1.58,236907.0,37769.705
600393.SH,20220819,1.58,1.57,309751.0,49407.508
600393.SH,20220818,1.57,1.63,350382.0,55572.057
600393.SH,20220817,1.63,1.59,544821.0,88248.276
600393.SH,20220816,1.59,1.54,483769.34,76279.045
600393.SH,20220815,1.54,1.53,209206.96,32207.823
600393.SH,20220812,1.53,1.53,199549.0,30464.118
600393.SH,20220811,1.53,1.51,170308.0,25948.279
600393.SH,20220810,1.51,1.54,201439.0,30520.181
600393.SH,20220809,1.54,1.54,249975.02,38322.378
600393.SH,20220808,1.54,1.52,248703.0,38398.632
600393.SH,20220805,1.52,1.52,153104.0,23193.208
600393.SH,20220804,1.52,1.52,186090.0,28081.572
600393.SH,20220803,1.52,1.52,263542.0,40075.202
600393.SH,20220802,1.52,1.59,422387.0,64383.458
600393.SH,20220801,1.59,1.62,244478.0,38883.958
600393.SH,20220729,1.62,1.61,306318.22,49504.581
600393.SH,20220728,1.61,1.61,336725.0,54260.111
600393.SH,20220727,1.61,1.64,420585.8,67916.973
600393.SH,20220726,1.64,1.59,610440.85,98820.82
600393.SH,20220725,1.59,1.57,339470.0,54061.803
600393.SH,20220722,1.57,1.56,277747.0,43855.928
600393.SH,20220721,1.56,1.58,196908.0,30854.027
600393.SH,20220720,1.58,1.58,236864.0,37520.893
600393.SH,20220719,1.58,1.6,304513.0,48306.682
600393.SH,20220718,1.6,1.52,475754.0,75157.848
600393.SH,20220715,1.52,1.6,506421.0,77594.278
600393.SH,20220714,1.6,1.66,654557.0,105415.858
600393.SH,20220713,1.66,1.65,860849.0,144085.563
600393.SH,20220712,1.65,1.74,1284954.0,216153.604
600393.SH,20220711,1.74,1.58,1570075.6,265373.735
600393.SH,20220708,1.58,1.65,880123.02,142990.437
600393.SH,20220707,1.65,1.5,712011.63,113673.602
600393.SH,20220706,1.5,1.53,352276.02,53125.949
600393.SH,20220705,1.53,1.52,437934.0,67025.894
600393.SH,20220704,1.52,1.57,618585.43,95208.118
600393.SH,20220701,1.57,1.6,309299.84,49219.241
600393.SH,20220630,1.6,1.64,496802.0,80162.662
600393.SH,20220629,1.64,1.63,530001.68,86869.117
600393.SH,20220628,1.63,1.63,496267.0,81441.126
600393.SH,20220627,1.63,1.62,452631.0,73376.867
600393.SH,20220624,1.62,1.63,493038.91,79929.662
600393.SH,20220623,1.63,1.65,727407.35,118177.413
600393.SH,20220622,1.65,1.64,773187.07,128402.023
600393.SH,20220621,1.64,1.72,847221.0,141351.864
600393.SH,20220620,1.72,1.84,1025722.02,176841.778
600393.SH,20220617,1.84,1.86,1817067.77,346746.664
600393.SH,20220616,1.86,1.69,1099659.77,198204.341
600393.SH,20220615,1.69,1.69,1771253.22,314309.54
600393.SH,20220614,1.69,1.7899999999999998,0.0,0.0
600393.SH,20220613,1.7899999999999998,1.84,474054.2,85355.819
600393.SH,20220610,1.84,1.9100000000000001,739006.68,136242.373
600393.SH,20220609,1.9100000000000001,1.8200000000000003,640150.02,119701.59
600393.SH,20220608,1.8200000000000003,1.8100000000000003,476631.72,85789.092
600393.SH,20220607,1.8100000000000003,1.7799999999999998,643540.61,115067.554
600393.SH,20220606,1.7799999999999998,1.7,779197.67,136485.018
600393.SH,20220602,1.7,1.66,1125473.63,192087.924
600393.SH,20220601,1.66,1.58,21162.0,3512.892
600393.SH,20220531,1.58,1.5,28861.0,4560.038
600393.SH,20220530,1.5,1.51,289055.0,43383.953
600393.SH,20220527,1.51,1.58,514966.02,78423.425
600393.SH,20220526,1.58,1.5,496437.02,76915.966
600393.SH,20220525,1.5,1.47,276373.55,40959.392
600393.SH,20220524,1.47,1.5,399119.02,59869.502
600393.SH,20220523,1.5,1.54,475968.46,71555.995
600393.SH,20220520,1.54,1.5,512763.16,77681.255
600393.SH,20220519,1.5,1.43,351242.94,51366.827
600393.SH,20220518,1.43,1.41,287047.0,40985.058
600393.SH,20220517,1.41,1.39,398058.54,55453.642
600393.SH,20220516,1.39,1.37,431469.22,60679.513
600393.SH,20220513,1.37,1.31,420513.69,56241.966
600393.SH,20220512,1.31,1.34,668848.69,90810.749
600393.SH,20220511,1.34,1.28,354868.42,46723.754
600393.SH,20220510,1.28,1.26,572746.22,73276.232
600393.SH,20220509,1.26,1.2,531623.18,66918.361
600393.SH,20220506,1.2,1.14,27242.0,3269.04
600393.SH,20220505,1.14,1.09,14746.0,1681.044
600393.SH,20220429,1.09,1.04,355454.2,38175.129
600393.SH,20220428,1.04,1.09,334653.2,35525.944
600393.SH,20220427,1.09,1.14,418388.2,45389.498
600393.SH,20220426,1.14,1.16,281319.0,32571.135
600393.SH,20220425,1.16,1.17,394953.2,46818.388
600393.SH,20220422,1.17,1.18,228356.22,26636.758
600393.SH,20220421,1.18,1.24,305108.02,36512.543
600393.SH,20220420,1.24,1.25,120136.0,14881.715
600393.SH,20220419,1.25,1.25,129696.0,16204.783
600393.SH,20220418,1.25,1.25,144255.18,17906.852
600393.SH,20220415,1.25,1.3,286014.1,36497.978
600393.SH,20220414,1.3,1.29,137955.02,17937.905
600393.SH,20220413,1.29,1.32,177219.2,23115.594
600393.SH,20220412,1.32,1.31,171247.1,22435.948
600393.SH,20220411,1.31,1.35,254162.0,33527.796
600393.SH,20220408,1.35,1.33,302432.0,40556.049
600393.SH,20220407,1.33,1.38,405294.0,54738.3
600393.SH,20220406,1.38,1.31,520609.18,70759.471
600393.SH,20220401,1.31,1.29,213881.0,27671.713
600393.SH,20220331,1.29,1.3,300711.49,39027.141
600393.SH,20220330,1.3,1.26,438952.63,56664.095
600393.SH,20220329,1.26,1.27,215917.0,27314.967
600393.SH,20220328,1.27,1.26,272890.45,34423.66
600393.SH,20220325,1.26,1.26,148757.02,18798.919
600393.SH,20220324,1.26,1.3,218533.02,27905.759
600393.SH,20220323,1.3,1.29,369975.02,47918.18
600393.SH,20220322,1.29,1.29,269340.0,34820.984
600393.SH,20220321,1.29,1.26,328893.0,42141.583
600393.SH,20220318,1.26,1.25,235465.0,29462.395
600393.SH,20220317,1.25,1.23,282578.0,35381.342
600393.SH,20220316,1.23,1.22,364403.81,44337.9
600393.SH,20220315,1.22,1.28,288557.0,35984.297
600393.SH,20220314,1.28,1.31,163373.02,21075.084
600393.SH,20220311,1.31,1.31,187162.0,24205.592
600393.SH,20220310,1.31,1.29,171488.0,22477.23
600393.SH,20220309,1.29,1.32,274118.0,35494.406
600393.SH,20220308,1.32,1.36,278573.02,37122.793
600393.SH,20220307,1.36,1.38,173349.0,23658.912
600393.SH,20220304,1.38,1.38,181550.02,25016.183
600393.SH,20220303,1.38,1.38,206318.0,28630.855
600393.SH,20220302,1.38,1.38,171231.0,23628.658
600393.SH,20220301,1.38,1.36,196655.0,27015.88
600393.SH,20220228,1.36,1.4,286896.02,39062.462
600393.SH,20220225,1.4,1.39,181674.04,25321.361
600393.SH,20220224,1.39,1.44,369911.2,52094.547
600393.SH,20220223,1.44,1.43,98153.0,14050.78
600393.SH,20220222,1.43,1.45,161432.16,23068.83
600393.SH,20220221,1.45,1.43,249069.88,35552.131
600393.SH,20220218,1.43,1.41,179653.66,25579.308
600393.SH,20220217,1.41,1.42,135328.0,19153.704
600393.SH,20220216,1.42,1.42,102793.0,14594.186
600393.SH,20220215,1.42,1.41,106710.0,15093.153
600393.SH,20220214,1.41,1.43,150678.0,21323.636
600393.SH,20220211,1.43,1.44,272105.0,39485.059
600393.SH,20220210,1.44,1.43,155204.02,22259.422
600393.SH,20220209,1.43,1.43,202180.38,28972.063
600393.SH,20220208,1.43,1.38,247947.0,34983.66
600393.SH,20220207,1.38,1.42,255249.02,35135.338
600393.SH,20220128,1.42,1.41,204585.0,28909.902
600393.SH,20220127,1.41,1.4,268085.36,38082.729
600393.SH,20220126,1.4,1.39,153761.5,21523.752
600393.SH,20220125,1.39,1.45,318313.0,45091.58
600393.SH,20220124,1.45,1.45,221963.0,32465.092
600393.SH,20220121,1.45,1.44,246293.87,35427.034
600393.SH,20220120,1.44,1.47,341561.0,49661.351
600393.SH,20220119,1.47,1.47,267648.5,39421.854
600393.SH,20220118,1.47,1.51,414821.0,61441.858
600393.SH,20220117,1.51,1.51,391486.12,59070.453
600393.SH,20220114,1.51,1.58,861479.02,132568.451
600393.SH,20220113,1.58,1.6,1066017.22,171718.659
600393.SH,20220112,1.6,1.52,521017.3,83334.008
600393.SH,20220111,1.52,1.54,684424.89,104850.326
600393.SH,20220110,1.54,1.47,1010940.06,154385.371
600393.SH,20220107,1.47,1.49,700593.85,104062.459
600393.SH,20220106,1.49,1.42,250849.0,37232.891
600393.SH,20220105,1.42,1.43,254329.75,36104.614
600393.SH,20220104,1.43,1.42,250984.66,35635.563
600393.SH,20211231,1.42,1.43,203084.66,28975.693
600393.SH,20211230,1.43,1.41,225241.0,32146.328
600393.SH,20211229,1.41,1.42,160695.62,22747.293
600393.SH,20211228,1.42,1.43,150329.0,21357.828
600393.SH,20211227,1.43,1.42,176645.0,25116.665
600393.SH,20211224,1.42,1.44,265976.0,37965.745
600393.SH,20211223,1.44,1.47,293051.0,42448.364
600393.SH,20211222,1.47,1.51,597417.17,88424.485
600393.SH,20211221,1.51,1.46,707731.0,106100.062
600393.SH,20211220,1.46,1.44,401910.0,58424.867
600393.SH,20211217,1.44,1.43,284066.4,40885.756
600393.SH,20211216,1.43,1.43,178400.1,25530.448
600393.SH,20211215,1.43,1.42,279912.1,40054.75
600393.SH,20211214,1.42,1.41,179471.0,25421.123
600393.SH,20211213,1.41,1.45,358937.2,51050.556
600393.SH,20211210,1.45,1.43,345372.0,50128.399
600393.SH,20211209,1.43,1.46,375293.0,53916.047
600393.SH,20211208,1.46,1.51,676239.0,100284.936
600393.SH,20211207,1.51,1.44,882487.54,131071.243
600393.SH,20211206,1.44,1.41,484468.62,69714.978
600393.SH,20211203,1.41,1.42,290113.64,40984.174
600393.SH,20211202,1.42,1.39,513341.74,72952.137
600393.SH,20211201,1.39,1.37,210310.0,29008.818
600393.SH,20211130,1.37,1.34,277609.0,37991.342
600393.SH,20211129,1.34,1.35,179378.2,23989.964
600393.SH,20211126,1.35,1.38,199814.0,27231.102
600393.SH,20211125,1.38,1.38,166142.0,22931.637
600393.SH,20211124,1.38,1.39,161543.88,22314.923
600393.SH,20211123,1.39,1.38,206173.2,28590.016
600393.SH,20211122,1.38,1.39,194378.2,26832.678
600393.SH,20211119,1.39,1.39,220257.66,30531.069
600393.SH,20211118,1.39,1.36,376900.0,52335.012
600393.SH,20211117,1.36,1.35,176187.0,23956.6
600393.SH,20211116,1.35,1.35,117913.0,16017.211
600393.SH,20211115,1.35,1.34,137695.4,18574.681
600393.SH,20211112,1.34,1.37,227710.0,30814.142
600393.SH,20211111,1.37,1.36,328536.12,45017.791
600393.SH,20211110,1.36,1.36,228624.48,30835.737
600393.SH,20211109,1.36,1.34,298557.58,40440.849
600393.SH,20211108,1.34,1.31,242080.0,32341.682
600393.SH,20211105,1.31,1.31,186954.0,24448.414
600393.SH,20211104,1.31,1.31,247999.0,32557.706
600393.SH,20211103,1.31,1.3,146753.58,19074.118
600393.SH,20211102,1.3,1.34,279754.0,36602.214
600393.SH,20211101,1.34,1.34,139313.0,18550.921
600393.SH,20211029,1.34,1.3,244224.0,32537.587
600393.SH,20211028,1.3,1.34,257496.0,33722.774
600393.SH,20211027,1.34,1.37,251333.0,33879.866
600393.SH,20211026,1.37,1.4,275974.0,37912.762
600393.SH,20211025,1.4,1.42,249220.0,34872.207
600393.SH,20211022,1.42,1.41,295877.0,42085.902
600393.SH,20211021,1.41,1.41,152147.0,21436.789
600393.SH,20211020,1.41,1.42,170212.0,23990.833
600393.SH,20211019,1.42,1.42,181846.0,25836.258
600393.SH,20211018,1.42,1.4,182355.0,25628.844
600393.SH,20211015,1.4,1.43,246790.6,34776.804
600393.SH,20211014,1.43,1.45,208888.0,29925.571
600393.SH,20211013,1.45,1.45,192247.8,27774.892
600393.SH,20211012,1.45,1.44,275399.0,40160.297
600393.SH,20211011,1.44,1.46,208476.02,30113.852
600393.SH,20211008,1.46,1.43,218686.0,31627.337
600393.SH,20210930,1.43,1.41,167959.0,23927.45
600393.SH,20210929,1.41,1.42,192074.0,27133.689
600393.SH,20210928,1.42,1.39,254636.0,36016.579
600393.SH,20210927,1.39,1.46,401863.43,57090.223
600393.SH,20210924,1.46,1.5,307245.02,45244.816
600393.SH,20210923,1.5,1.48,276452.0,41317.102
600393.SH,20210922,1.48,1.48,266435.83,39025.431
600393.SH,20210917,1.48,1.5,357509.13,52699.585
600393.SH,20210916,1.5,1.51,363736.13,54680.561
600393.SH,20210915,1.51,1.49,376709.5,56832.441
600393.SH,20210914,1.49,1.52,371221.0,55775.78
600393.SH,20210913,1.52,1.54,437361.62,66185.96
600393.SH,20210910,1.54,1.57,516693.11,80531.703
600393.SH,20210909,1.57,1.53,666045.89,104293.576
600393.SH,20210908,1.53,1.52,410708.85,62380.946
600393.SH,20210907,1.52,1.5,416904.47,62925.611
600393.SH,20210906,1.5,1.51,455295.93,68628.995
600393.SH,20210903,1.51,1.53,578641.8,87988.705
600393.SH,20210902,1.53,1.55,680791.0,104529.673
600393.SH,20210901,1.55,1.48,1097566.63,169149.349
600393.SH,20210831,1.48,1.52,723607.51,107533.994
600393.SH,20210830,1.52,1.45,844350.03,126658.891
600393.SH,20210827,1.45,1.41,532210.35,76535.454
600393.SH,20210826,1.41,1.41,358380.35,50921.871
600393.SH,20210825,1.41,1.42,428641.45,60201.194
600393.SH,20210824,1.42,1.39,654987.56,93508.075
600393.SH,20210823,1.39,1.4,182409.4,25366.758
600393.SH,20210820,1.4,1.39,285131.4,39840.858
600393.SH,20210819,1.39,1.4,187340.4,26062.535
600393.SH,20210818,1.4,1.4,257983.66,35937.823
600393.SH,20210817,1.4,1.42,314729.0,44314.468
600393.SH,20210816,1.42,1.42,420711.0,59440.686
600393.SH,20210813,1.42,1.42,208959.0,29571.437
600393.SH,20210812,1.42,1.42,298391.0,42151.538
600393.SH,20210811,1.42,1.43,339697.0,48665.995
600393.SH,20210810,1.43,1.44,457590.02,65148.311
600393.SH,20210809,1.44,1.37,734280.44,104325.131
600393.SH,20210806,1.37,1.37,154025.0,21005.613
600393.SH,20210805,1.37,1.38,242816.5,33345.288
600393.SH,20210804,1.38,1.38,147206.48,20288.085
600393.SH,20210803,1.38,1.39,185135.48,25722.296
600393.SH,20210802,1.39,1.37,221696.01,30527.885
600393.SH,20210730,1.37,1.39,198718.0,27215.713
600393.SH,20210729,1.39,1.35,320901.93,44427.405
600393.SH,20210728,1.35,1.39,291919.2,39587.861
600393.SH,20210727,1.39,1.4,230082.0,32131.496
600393.SH,20210726,1.4,1.43,319410.0,44907.809
600393.SH,20210723,1.43,1.45,316334.0,45261.26
600393.SH,20210722,1.45,1.47,330486.23,48031.071
600393.SH,20210721,1.47,1.47,278859.8,40995.792
600393.SH,20210720,1.47,1.45,375625.8,54847.153
600393.SH,20210719,1.45,1.49,375405.0,54573.274
600393.SH,20210716,1.49,1.49,284113.82,42101.74
600393.SH,20210715,1.49,1.5,388504.02,57392.19
600393.SH,20210714,1.5,1.53,394563.02,59457.798
600393.SH,20210713,1.53,1.5,485952.0,73656.259
600393.SH,20210712,1.5,1.56,743679.0,113069.972
600393.SH,20210709,1.56,1.5,876483.6,134965.324
600393.SH,20210708,1.5,1.47,647945.0,96542.347
600393.SH,20210707,1.47,1.46,387601.0,56955.304
600393.SH,20210706,1.46,1.48,382567.96,55899.718
600393.SH,20210705,1.48,1.43,400428.0,58448.323
600393.SH,20210702,1.43,1.41,296051.93,42113.21
600393.SH,20210701,1.41,1.45,321934.93,46055.236
600393.SH,20210630,1.45,1.47,320629.93,46721.482
600393.SH,20210629,1.47,1.45,480363.93,70066.665
600393.SH,20210628,1.45,1.51,655419.52,95907.115
600393.SH,20210625,1.51,1.51,926850.51,140976.58
600393.SH,20210624,1.51,1.44,434957.49,65390.53
600393.SH,20210623,1.44,1.43,363561.0,52123.681
600393.SH,20210622,1.43,1.42,397673.59,56762.527
600393.SH,20210621,1.42,1.38,355750.04,49985.753
600393.SH,20210618,1.38,1.41,494872.1,68804.805
600393.SH,20210617,1.41,1.44,364882.0,51858.417
600393.SH,20210616,1.44,1.44,271181.04,39045.885
600393.SH,20210615,1.44,1.48,487416.66,70178.602
600393.SH,20210611,1.48,1.48,358494.02,53463.636
600393.SH,20210610,1.48,1.55,735523.02,110916.733
600393.SH,20210609,1.55,1.5,903817.62,138317.011
600393.SH,20210608,1.5,1.47,499996.96,74355.455
600393.SH,20210607,1.47,1.46,449581.88,65769.918
600393.SH,20210604,1.46,1.46,394828.68,57510.086
600393.SH,20210603,1.46,1.44,465377.88,68076.59
600393.SH,20210602,1.44,1.47,429495.88,62357.277
600393.SH,20210601,1.47,1.43,510629.58,75010.58
600393.SH,20210531,1.43,1.48,453872.02,65384.993
600393.SH,20210528,1.48,1.5,599382.02,89312.214
600393.SH,20210527,1.5,1.44,642364.15,93756.75
600393.SH,20210526,1.44,1.4,652148.02,92888.329
600393.SH,20210525,1.4,1.4,389512.0,54082.398
600393.SH,20210524,1.4,1.37,464552.06,64715.164
600393.SH,20210521,1.37,1.42,664247.06,90992.217
600393.SH,20210520,1.42,1.47,767372.54,109240.206
600393.SH,20210519,1.47,1.4,767263.18,111180.417
600393.SH,20210518,1.4,1.47,122069.0,17089.66
600393.SH,20210517,1.47,1.55,356831.0,52991.435
600393.SH,20210514,1.55,1.6,926078.43,144685.624
600393.SH,20210513,1.6,1.6,747444.0,119836.158
600393.SH,20210512,1.6,1.6,1189173.91,188421.924
600393.SH,20210511,1.6,1.68,1350894.0,216655.885
600393.SH,20210510,1.68,1.7699999999999998,37523.0,6303.864
600393.SH,20210507,1.7699999999999998,1.86,6463.0,1143.951
600393.SH,20210506,1.86,1.86,6444.0,1198.584
600393.SH,20210430,1.86,1.96,0.0,0.0
600393.SH,20210429,1.96,2.03,1258653.93,253426.258
600393.SH,20210428,2.03,2.0,1457754.17,296487.398
600393.SH,20210427,2.0,2.06,1376099.33,267720.773
600393.SH,20210426,2.06,2.02,1001670.0,206825.391
600393.SH,20210423,2.02,2.16,1319313.5,269574.078
600393.SH,20210422,2.16,2.12,1760327.05,373619.344
600393.SH,20210421,2.12,2.08,2047813.78,437299.61
600393.SH,20210420,2.08,2.24,2427294.08,508836.928
600393.SH,20210419,2.24,2.49,3624732.37,856147.019
600393.SH,20210416,2.49,2.26,1664177.7,413866.463
600393.SH,20210415,2.26,2.22,3866590.17,919095.611
600393.SH,20210414,2.22,2.02,300592.66,66731.571
600393.SH,20210413,2.02,1.84,929903.02,179381.473
600393.SH,20210412,1.84,1.8300000000000003,418696.0,77363.492
600393.SH,20210409,1.8300000000000003,1.7899999999999998,423679.02,77633.529
600393.SH,20210408,1.7899999999999998,1.8200000000000003,245336.0,44159.286
600393.SH,20210407,1.8200000000000003,1.7699999999999998,365887.02,65947.411
600393.SH,20210406,1.7699999999999998,1.74,275630.0,48101.649
600393.SH,20210402,1.74,1.74,237947.0,41458.977
600393.SH,20210401,1.74,1.73,150635.0,26113.619
600393.SH,20210331,1.73,1.71,117730.04,20309.714
600393.SH,20210330,1.71,1.76,109218.0,18848.314
600393.SH,20210329,1.76,1.74,153537.0,26905.524
600393.SH,20210326,1.74,1.76,202757.64,35212.871
600393.SH,20210325,1.76,1.71,385946.0,67754.287
600393.SH,20210324,1.71,1.73,190203.04,32373.677
600393.SH,20210323,1.73,1.7799999999999998,183581.0,31995.336
600393.SH,20210322,1.7799999999999998,1.7799999999999998,175504.02,31098.005
600393.SH,20210319,1.7799999999999998,1.8100000000000003,180360.02,32296.339
600393.SH,20210318,1.8100000000000003,1.84,249211.0,45585.777
600393.SH,20210317,1.84,1.84,239903.78,44276.814
600393.SH,20210316,1.84,1.8000000000000003,319045.72,58463.056
600393.SH,20210315,1.8000000000000003,1.7899999999999998,169504.0,30305.773
600393.SH,20210312,1.7899999999999998,1.76,163579.54,29067.202
600393.SH,20210311,1.76,1.73,125188.34,21944.185
600393.SH,20210310,1.73,1.7799999999999998,196928.34,34484.035
600393.SH,20210309,1.7799999999999998,1.8200000000000003,264880.58,47198.56
600393.SH,20210308,1.8200000000000003,1.87,293286.0,54427.634
600393.SH,20210305,1.87,1.8100000000000003,414986.26,76530.372
600393.SH,20210304,1.8100000000000003,1.7699999999999998,339104.56,61193.285
600393.SH,20210303,1.7699999999999998,1.7799999999999998,197963.0,34900.866
600393.SH,20210302,1.7799999999999998,1.8100000000000003,188761.54,33726.506
600393.SH,20210301,1.8100000000000003,1.7899999999999998,212370.0,37936.292
600393.SH,20210226,1.7899999999999998,1.8300000000000003,252788.66,45282.662
600393.SH,20210225,1.8300000000000003,1.7699999999999998,457381.77,83596.077
600393.SH,20210224,1.7699999999999998,1.76,217265.66,38437.184
600393.SH,20210223,1.76,1.7899999999999998,202299.0,35943.756
600393.SH,20210222,1.7899999999999998,1.74,417895.0,75276.546
600393.SH,20210219,1.74,1.63,334419.0,57094.484
600393.SH,20210218,1.63,1.55,217455.78,35095.545
600393.SH,20210210,1.55,1.55,121521.0,18853.201
600393.SH,20210209,1.55,1.53,132382.0,20341.583
600393.SH,20210208,1.53,1.54,190574.0,29358.465
600393.SH,20210205,1.54,1.51,261146.0,40306.851
600393.SH,20210204,1.51,1.61,411587.0,62381.439
600393.SH,20210203,1.61,1.61,170715.0,27416.398
600393.SH,20210202,1.61,1.62,220402.0,35539.401
600393.SH,20210201,1.62,1.76,445411.4,72490.887
600393.SH,20210129,1.76,1.8000000000000003,229057.17,40521.685
600393.SH,20210128,1.8000000000000003,1.7699999999999998,333471.8,60374.355
600393.SH,20210127,1.7699999999999998,1.76,235960.0,41882.096
600393.SH,20210126,1.76,1.75,256278.97,45354.536
600393.SH,20210125,1.75,1.9100000000000001,565380.06,101415.507
600393.SH,20210122,1.9100000000000001,2.06,1018802.06,198806.99
600393.SH,20210121,2.06,1.87,988722.8,202234.388
600393.SH,20210120,1.87,1.9200000000000002,344204.56,64636.969
600393.SH,20210119,1.9200000000000002,1.8300000000000003,592055.5,113149.615
600393.SH,20210118,1.8300000000000003,1.8200000000000003,320719.02,58627.028
600393.SH,20210115,1.8200000000000003,1.76,314283.4,56595.515
600393.SH,20210114,1.76,1.71,288436.14,49908.198
600393.SH,20210113,1.71,1.7699999999999998,300818.57,51656.208
600393.SH,20210112,1.7699999999999998,1.76,245652.42,43609.7
600393.SH,20210111,1.76,1.85,308265.9,55446.24
600393.SH,20210108,1.85,1.8200000000000003,417778.88,75845.95
600393.SH,20210107,1.8200000000000003,1.9999779614325068,692702.26,128084.817
600393.SH,20210106,1.9999779614325068,2.0199777410468323,185601.3,37133.477
600393.SH,20210105,2.0199777410468323,2.059977300275482,161521.02,32801.818
600393.SH,20210104,2.059977300275482,2.0499774104683195,227153.0,46287.89
600393.SH,20201231,2.0499774104683195,2.0099778512396695,220451.04,44615.612
600393.SH,20201230,2.0099778512396695,1.9999779614325068,142129.8,28426.469
600393.SH,20201229,1.9999779614325068,1.9999779614325068,165123.89,33245.273
600393.SH,20201228,1.9999779614325068,2.0199777410468323,194859.09,39259.048
600393.SH,20201225,2.0199777410468323,1.9999779614325068,194149.63,39112.274
600393.SH,20201224,1.9999779614325068,2.0699771900826445,325046.09,65533.737
600393.SH,20201223,2.0699771900826445,2.039977520661157,269111.09,55417.701
600393.SH,20201222,2.039977520661157,2.12997652892562,449895.0,93598.877
600393.SH,20201221,2.12997652892562,2.1199766391184576,306793.0,65428.043
600393.SH,20201218,2.1199766391184576,2.1799759779614325,562151.78,119950.256
600393.SH,20201217,2.1799759779614325,2.409973443526171,1463494.87,318849.924
600393.SH,20201216,2.409973443526171,2.6799704683195595,435516.0,108505.974
600393.SH,20201215,2.6799704683195595,2.6999702479338845,540602.06,144014.911
600393.SH,20201214,2.6999702479338845,2.6799704683195595,1106802.96,276255.947
600393.SH,20201211,2.6799704683195595,2.9699672727272732,1292892.32,348916.547
600393.SH,20201210,2.9699672727272732,2.989967052341598,162156.0,48264.473
600393.SH,20201209,2.989967052341598,2.979967162534435,577741.02,172455.302
600393.SH,20201208,2.979967162534435,2.979967162534435,143643.0,42745.253
600393.SH,20201207,2.979967162534435,2.979967162534435,180956.0,53719.52
600393.SH,20201204,2.979967162534435,3.079966060606061,268684.62,81277.897
600393.SH,20201203,3.079966060606061,3.0399665013774104,359749.05,110581.159
600393.SH,20201202,3.0399665013774104,3.0099668319559227,749007.5,230253.403
600393.SH,20201201,3.0099668319559227,2.8499685950413225,715345.02,212268.233
600393.SH,20201130,2.8499685950413225,2.809969035812672,223235.02,63668.807
600393.SH,20201127,2.809969035812672,2.789969256198347,83106.95,23304.442
600393.SH,20201126,2.789969256198347,2.7999691460055094,151822.0,42323.183
600393.SH,20201125,2.7999691460055094,2.83996870523416,152830.0,43222.308
600393.SH,20201124,2.83996870523416,2.8699683746556475,139342.02,39767.838
600393.SH,20201123,2.8699683746556475,2.819968925619835,260739.0,74198.66
600393.SH,20201120,2.819968925619835,2.819968925619835,93194.0,26232.721
600393.SH,20201119,2.819968925619835,2.8499685950413225,96446.0,27276.003
600393.SH,20201118,2.8499685950413225,2.8499685950413225,122331.0,34854.493
600393.SH,20201117,2.8499685950413225,2.8299688154269975,141371.03,40247.294
600393.SH,20201116,2.8299688154269975,2.8499685950413225,137041.0,39041.509
600393.SH,20201113,2.8499685950413225,2.789969256198347,191942.46,54105.299
600393.SH,20201112,2.789969256198347,2.83996870523416,81944.0,22988.799
600393.SH,20201111,2.83996870523416,2.8699683746556475,86086.0,24555.12
600393.SH,20201110,2.8699683746556475,2.8699683746556475,121916.0,35093.174
600393.SH,20201109,2.8699683746556475,2.83996870523416,157758.4,45172.342
600393.SH,20201106,2.83996870523416,2.8599684848484848,58619.0,16699.246
600393.SH,20201105,2.8599684848484848,2.83996870523416,126029.2,35961.431
600393.SH,20201104,2.83996870523416,2.8599684848484848,73748.0,21031.108
600393.SH,20201103,2.8599684848484848,2.7399698071625345,210289.02,59766.538
600393.SH,20201102,2.7399698071625345,2.7799693663911844,107565.0,29501.72
600393.SH,20201030,2.7799693663911844,2.7799693663911844,135501.2,37873.759
600393.SH,20201029,2.7799693663911844,2.83996870523416,119475.0,33428.651
600393.SH,20201028,2.83996870523416,2.7999691460055094,135621.02,38034.151
600393.SH,20201027,2.7999691460055094,2.7599695867768594,74869.0,20847.422
600393.SH,20201026,2.7599695867768594,2.789969256198347,71624.0,19824.75
600393.SH,20201023,2.789969256198347,2.8499685950413225,95410.34,26977.562
600393.SH,20201022,2.8499685950413225,2.8699683746556475,80696.02,23098.925
600393.SH,20201021,2.8699683746556475,2.899968044077135,69991.02,20179.991
600393.SH,20201020,2.899968044077135,2.8799682644628097,96407.82,27801.135
600393.SH,20201019,2.8799682644628097,2.949967493112948,188698.02,54641.94
600393.SH,20201016,2.949967493112948,2.91996782369146,298024.06,87445.225
600393.SH,20201015,2.91996782369146,2.819968925619835,444310.02,128223.591
600393.SH,20201014,2.819968925619835,2.7799693663911844,151094.2,42143.443
600393.SH,20201013,2.7799693663911844,2.7999691460055094,102857.74,28641.004
600393.SH,20201012,2.7999691460055094,2.7399698071625345,196225.74,54735.649
600393.SH,20201009,2.7399698071625345,2.7099701377410472,99553.0,27280.628
600393.SH,20200930,2.7099701377410472,2.6999702479338845,79360.02,21379.964
600393.SH,20200929,2.6999702479338845,2.7099701377410472,80628.0,21859.985
600393.SH,20200928,2.7099701377410472,2.809969035812672,183963.0,50279.812
600393.SH,20200925,2.809969035812672,2.689970358126722,319989.62,88354.763
600393.SH,20200924,2.689970358126722,2.769969476584022,175789.0,47738.764
600393.SH,20200923,2.769969476584022,2.7599695867768594,111890.0,31039.238
600393.SH,20200922,2.7599695867768594,2.789969256198347,91727.0,25381.185
600393.SH,20200921,2.789969256198347,2.809969035812672,172820.62,48073.395
600393.SH,20200918,2.809969035812672,2.769969476584022,154992.1,43185.85
600393.SH,20200917,2.769969476584022,2.7599695867768594,146521.0,40372.038
600393.SH,20200916,2.7599695867768594,2.789969256198347,166305.02,46119.839
600393.SH,20200915,2.789969256198347,2.8299688154269975,242797.48,67446.391
600393.SH,20200914,2.8299688154269975,2.8499685950413225,173711.04,49125.565
600393.SH,20200911,2.8499685950413225,2.8299688154269975,169394.0,47951.394
600393.SH,20200910,2.8299688154269975,2.9599673829201105,423711.0,123124.724
600393.SH,20200909,2.9599673829201105,2.8799682644628097,706164.01,209083.936
600393.SH,20200908,2.8799682644628097,2.769969476584022,275048.0,77851.252
600393.SH,20200907,2.769969476584022,2.809969035812672,194395.0,54479.29
600393.SH,20200904,2.809969035812672,2.83996870523416,229035.0,63753.84
600393.SH,20200903,2.83996870523416,2.8699683746556475,174201.0,49843.673
600393.SH,20200902,2.8699683746556475,2.899968044077135,200396.02,57540.514
600393.SH,20200901,2.899968044077135,2.899968044077135,163119.1,46925.896
600393.SH,20200831,2.899968044077135,2.9099679338842974,220061.4,64340.144
600393.SH,20200828,2.9099679338842974,2.8699683746556475,212522.32,61557.006
600393.SH,20200827,2.8699683746556475,2.8499685950413225,188532.0,53854.893
600393.SH,20200826,2.8499685950413225,2.939967603305785,304452.0,87747.003
600393.SH,20200825,2.939967603305785,2.9699672727272732,236029.0,69561.868
600393.SH,20200824,2.9699672727272732,3.0099668319559227,222070.0,66202.905
600393.SH,20200821,3.0099668319559227,2.9999669421487605,259317.0,78034.487
600393.SH,20200820,2.9999669421487605,2.989967052341598,204016.0,60805.743
600393.SH,20200819,2.989967052341598,3.0299666115702477,334490.0,100334.825
600393.SH,20200818,3.0299666115702477,3.0299666115702477,287501.0,86779.954
600393.SH,20200817,3.0299666115702477,2.9699672727272732,375158.0,112815.781
600393.SH,20200814,2.9699672727272732,2.9699672727272732,212455.0,62763.412
600393.SH,20200813,2.9699672727272732,2.9599673829201105,259818.25,77283.424
600393.SH,20200812,2.9599673829201105,2.91996782369146,282006.83,82336.239
600393.SH,20200811,2.91996782369146,2.989967052341598,373981.85,111248.146
600393.SH,20200810,2.989967052341598,2.9599673829201105,300087.21,89700.185
600393.SH,20200807,2.9599673829201105,3.0299666115702477,340035.02,101441.631
600393.SH,20200806,3.0299666115702477,3.0399665013774104,472631.22,142667.188
600393.SH,20200805,3.0399665013774104,3.099965840220386,739801.03,224120.404
600393.SH,20200804,3.099965840220386,2.989967052341598,1625743.98,512152.613
600393.SH,20200803,2.989967052341598,2.899968044077135,469349.76,138437.27
600393.SH,20200731,2.899968044077135,2.91996782369146,328020.66,95071.501
600393.SH,20200730,2.91996782369146,2.9599673829201105,257602.0,75443.708
600393.SH,20200729,2.9599673829201105,2.929967713498623,326182.0,95654.317
600393.SH,20200728,2.929967713498623,2.889968154269973,217819.0,63392.65
600393.SH,20200727,2.889968154269973,2.889968154269973,238291.0,68729.798
600393.SH,20200724,2.889968154269973,2.9999669421487605,408040.0,119236.494
600393.SH,20200723,2.9999669421487605,3.089965950413223,435026.9,130190.763
600393.SH,20200722,3.089965950413223,3.079966060606061,392126.86,121085.781
600393.SH,20200721,3.079966060606061,3.1299655096418735,400401.48,123813.068
600393.SH,20200720,3.1299655096418735,3.059966280991736,565283.25,173985.181
600393.SH,20200717,3.059966280991736,3.089965950413223,436945.75,133876.597
600393.SH,20200716,3.089965950413223,3.4299622038567494,850435.89,272472.779
600393.SH,20200715,3.4299622038567494,3.6999592286501377,658206.3,231292.806
600393.SH,20200714,3.6999592286501377,3.7999581267217635,809477.69,294909.46
600393.SH,20200713,3.7999581267217635,3.58996044077135,1380896.4,511226.766
600393.SH,20200710,3.58996044077135,3.259964077134986,1453533.79,506850.309
600393.SH,20200709,3.259964077134986,3.2899637465564737,797609.07,258218.182
600393.SH,20200708,3.2899637465564737,3.179964958677686,587456.18,187807.274
600393.SH,20200707,3.179964958677686,3.309963526170799,811206.09,258800.94
600393.SH,20200706,3.309963526170799,3.069966170798898,1135755.87,364287.39
600393.SH,20200703,3.069966170798898,2.899968044077135,712847.43,212001.718
600393.SH,20200702,2.899968044077135,2.899968044077135,300906.98,87250.927
600393.SH,20200701,2.899968044077135,2.83996870523416,253189.96,72700.158
600393.SH,20200630,2.83996870523416,2.8299688154269975,137062.78,38918.481
600393.SH,20200629,2.8299688154269975,2.8499685950413225,58329.74,16521.611
600393.SH,20200624,2.8499685950413225,2.83996870523416,157644.0,44977.614
600393.SH,20200623,2.83996870523416,2.899968044077135,227006.0,65036.395
600393.SH,20200622,2.899968044077135,2.8299688154269975,243807.44,70885.018
600393.SH,20200619,2.8299688154269975,2.8599684848484848,111911.78,31713.37
600393.SH,20200618,2.8599684848484848,2.939967603305785,166361.0,47997.712
600393.SH,20200617,2.939967603305785,2.8799682644628097,227778.01,66262.891
600393.SH,20200616,2.8799682644628097,2.8699683746556475,71946.0,20662.398
600393.SH,20200615,2.8699683746556475,2.889968154269973,66158.5,19045.733
600393.SH,20200612,2.889968154269973,2.889968154269973,52416.2,15082.816
600393.SH,20200611,2.889968154269973,2.949967493112948,69374.0,20193.439
600393.SH,20200610,2.949967493112948,2.91996782369146,134426.0,39208.638
600393.SH,20200609,2.91996782369146,2.929967713498623,101916.2,29593.132
600393.SH,20200608,2.929967713498623,2.9999669421487605,105958.92,31224.254
600393.SH,20200605,2.9999669421487605,3.0199667217630854,140899.02,41898.92
600393.SH,20200604,3.0199667217630854,2.9599673829201105,192248.16,57492.725
600393.SH,20200603,2.9599673829201105,2.939967603305785,158527.1,46843.013
600393.SH,20200602,2.939967603305785,2.899968044077135,179163.2,52667.391
600393.SH,20200601,2.899968044077135,2.789969256198347,247815.19,70807.629
600393.SH,20200529,2.789969256198347,2.8299688154269975,90641.0,25307.512
600393.SH,20200528,2.8299688154269975,2.789969256198347,114519.24,32281.269
600393.SH,20200527,2.789969256198347,2.8499685950413225,133369.0,37293.011
600393.SH,20200526,2.8499685950413225,2.809969035812672,86629.04,24514.153
600393.SH,20200525,2.809969035812672,2.819968925619835,101904.69,28750.664
600393.SH,20200522,2.819968925619835,2.819968925619835,142310.45,39785.305
600393.SH,20200521,2.819968925619835,2.789969256198347,179337.94,50650.074
600393.SH,20200520,2.789969256198347,2.889968154269973,318089.0,89462.99
600393.SH,20200519,2.889968154269973,3.089965950413223,612804.54,180545.449
600393.SH,20200518,3.089965950413223,3.099965840220386,755930.91,230318.507
600393.SH,20200515,3.099965840220386,2.939967603305785,1217625.34,382773.721
600393.SH,20200514,2.939967603305785,2.8599684848484848,273566.0,79976.331
600393.SH,20200513,2.8599684848484848,2.8599684848484848,112299.0,31898.621
600393.SH,20200512,2.8599684848484848,2.8799682644628097,115908.3,33104.06
600393.SH,20200511,2.8799682644628097,2.939967603305785,127318.0,37001.533
600393.SH,20200508,2.939967603305785,2.939967603305785,134191.0,39399.838
600393.SH,20200507,2.939967603305785,2.929967713498623,204935.04,60660.386
600393.SH,20200506,2.929967713498623,2.819968925619835,243792.02,70384.404
600393.SH,20200430,2.819968925619835,2.8499685950413225,183539.0,52213.0
600393.SH,20200429,2.8499685950413225,2.7299699173553718,139520.82,38792.268
600393.SH,20200428,2.7299699173553718,2.71997002754821,169303.02,45929.484
600393.SH,20200427,2.71997002754821,2.769969476584022,149740.04,41140.41
600393.SH,20200424,2.769969476584022,2.809969035812672,95832.0,26706.674
600393.SH,20200423,2.809969035812672,2.8299688154269975,108309.0,30509.777
600393.SH,20200422,2.8299688154269975,2.8299688154269975,111866.0,31691.117
600393.SH,20200421,2.8299688154269975,2.8699683746556475,128838.02,36435.396
600393.SH,20200420,2.8699683746556475,2.889968154269973,140481.1,40478.493
600393.SH,20200417,2.889968154269973,2.8799682644628097,151686.1,44032.935
600393.SH,20200416,2.8799682644628097,2.899968044077135,136664.0,39335.157
600393.SH,20200415,2.899968044077135,2.899968044077135,176159.4,51215.183
600393.SH,20200414,2.899968044077135,2.8699683746556475,251579.6,72534.094
600393.SH,20200413,2.8699683746556475,2.7799693663911844,383983.57,108339.487
600393.SH,20200410,2.7799693663911844,2.7999691460055094,432086.78,121750.902
600393.SH,20200409,2.7999691460055094,2.689970358126722,271403.94,75131.782
600393.SH,20200408,2.689970358126722,2.619971129476584,262415.25,69818.847
600393.SH,20200407,2.619971129476584,2.5899714600550965,161837.0,42287.021
600393.SH,20200403,2.5899714600550965,2.5999713498622588,122261.0,31602.654
600393.SH,20200402,2.5999713498622588,2.579971570247934,100531.22,26011.249
600393.SH,20200401,2.579971570247934,2.579971570247934,127224.0,33141.814
600393.SH,20200331,2.579971570247934,2.579971570247934,88597.02,22856.647
600393.SH,20200330,2.579971570247934,2.6299710192837464,134452.0,34640.497
600393.SH,20200327,2.6299710192837464,2.639970909090909,128608.04,34054.018
600393.SH,20200326,2.639970909090909,2.639970909090909,163614.0,43138.72
600393.SH,20200325,2.639970909090909,2.579971570247934,175675.0,46023.233
600393.SH,20200324,2.579971570247934,2.499972451790634,195235.0,49973.477
600393.SH,20200323,2.499972451790634,2.5999713498622588,190581.95,47952.93
600393.SH,20200320,2.5999713498622588,2.5899714600550965,82471.2,21409.952
600393.SH,20200319,2.5899714600550965,2.579971570247934,184673.0,47547.148
600393.SH,20200318,2.579971570247934,2.6099712396694215,173934.0,45550.593
600393.SH,20200317,2.6099712396694215,2.6699705785123964,189130.49,49584.458
600393.SH,20200316,2.6699705785123964,2.7399698071625345,280104.0,75750.096
600393.SH,20200313,2.7399698071625345,2.6699705785123964,425752.2,113714.615
600393.SH,20200312,2.6699705785123964,2.7399698071625345,138209.66,37100.984
600393.SH,20200311,2.7399698071625345,2.7099701377410472,245906.0,67226.033
600393.SH,20200310,2.7099701377410472,2.71997002754821,272046.02,73132.857
600393.SH,20200309,2.71997002754821,2.8299688154269975,294737.0,80919.68
600393.SH,20200306,2.8299688154269975,2.889968154269973,243338.44,69154.299
600393.SH,20200305,2.889968154269973,2.9099679338842974,462986.92,134109.257
600393.SH,20200304,2.9099679338842974,2.8299688154269975,671994.19,191789.682
600393.SH,20200303,2.8299688154269975,2.7299699173553718,487556.86,135579.358
600393.SH,20200302,2.7299699173553718,2.6699705785123964,338742.0,92827.999
600393.SH,20200228,2.6699705785123964,2.6999702479338845,242134.0,64227.607
600393.SH,20200227,2.6999702479338845,2.749969696969697,211997.0,57719.888
600393.SH,20200226,2.749969696969697,2.7099701377410472,318568.74,87282.588
600393.SH,20200225,2.7099701377410472,2.71997002754821,295928.24,78401.06
600393.SH,20200224,2.71997002754821,2.769969476584022,276026.0,75461.929
600393.SH,20200221,2.769969476584022,2.7799693663911844,231692.26,64307.689
600393.SH,20200220,2.7799693663911844,2.769969476584022,158804.87,43840.03
600393.SH,20200219,2.769969476584022,2.769969476584022,178815.37,49655.435
600393.SH,20200218,2.769969476584022,2.7599695867768594,148343.0,41104.43
600393.SH,20200217,2.7599695867768594,2.6999702479338845,198070.59,54153.204
600393.SH,20200214,2.6999702479338845,2.6699705785123964,146987.56,39589.921
600393.SH,20200213,2.6699705785123964,2.6799704683195595,192981.8,52294.931
600393.SH,20200212,2.6799704683195595,2.6699705785123964,180082.73,48433.16
600393.SH,20200211,2.6699705785123964,2.6099712396694215,267036.31,70612.876
600393.SH,20200210,2.6099712396694215,2.499972451790634,275836.44,69868.395
600393.SH,20200207,2.499972451790634,2.489972561983471,214628.8,53000.273
600393.SH,20200206,2.489972561983471,2.4599728925619835,335429.0,82614.577
600393.SH,20200205,2.4599728925619835,2.4399731129476585,244261.52,60438.614
600393.SH,20200204,2.4399731129476585,2.549971900826446,344132.77,83816.694
600393.SH,20200203,2.549971900826446,2.8299688154269975,212841.0,54374.129
600393.SH,20200123,2.8299688154269975,2.8699683746556475,219650.71,62241.697
600393.SH,20200122,2.8699683746556475,2.8499685950413225,348011.35,99482.985
600393.SH,20200121,2.8499685950413225,2.8699683746556475,200152.97,57094.887
600393.SH,20200120,2.8699683746556475,2.8799682644628097,189725.02,54279.782
600393.SH,20200117,2.8799682644628097,2.83996870523416,534343.86,154257.549
600393.SH,20200116,2.83996870523416,2.8799682644628097,232240.07,66188.756
600393.SH,20200115,2.8799682644628097,2.83996870523416,528286.7,151140.13
600393.SH,20200114,2.83996870523416,2.83996870523416,241314.39,68342.381
600393.SH,20200113,2.83996870523416,2.819968925619835,200717.95,56692.515
600393.SH,20200110,2.819968925619835,2.809969035812672,249420.1,70610.4
600393.SH,20200109,2.809969035812672,2.769969476584022,271415.26,76245.282
600393.SH,20200108,2.769969476584022,2.819968925619835,299463.22,83598.79
600393.SH,20200107,2.819968925619835,2.7999691460055094,303294.33,85056.888
600393.SH,20200106,2.7999691460055094,2.7799693663911844,510309.52,141776.63
600393.SH,20200103,2.7799693663911844,2.749969696969697,514155.37,143657.98
600393.SH,20200102,2.749969696969697,2.7,547791.8,150354.279
600393.SH,20191231,2.7,2.87,849835.93,234560.272
600393.SH,20191230,2.87,2.91,254107.21,72938.751
600393.SH,20191227,2.91,2.91,302263.97,87939.476
600393.SH,20191226,2.91,2.89,250009.75,72520.115
600393.SH,20191225,2.89,2.93,225835.86,65471.669
600393.SH,20191224,2.93,2.91,202811.77,59301.736
600393.SH,20191223,2.91,2.96,358712.71,105006.15
600393.SH,20191220,2.96,2.99,480941.32,143888.702
600393.SH,20191219,2.99,3.0,499458.59,148406.35
600393.SH,20191218,3.0,3.12,1073108.75,324027.939
600393.SH,20191217,3.12,2.84,1223016.66,366425.096
600393.SH,20191216,2.84,2.84,482463.55,136598.969
600393.SH,20191213,2.84,2.77,418563.96,118040.808
600393.SH,20191212,2.77,2.81,229310.04,63861.07
600393.SH,20191211,2.81,2.84,184777.0,52051.444
600393.SH,20191210,2.84,2.84,205733.43,58289.242
600393.SH,20191209,2.84,2.81,233158.67,66198.196
600393.SH,20191206,2.81,2.8,185145.67,51813.014
600393.SH,20191205,2.8,2.8,329693.64,92033.842
600393.SH,20191204,2.8,2.9,381416.6,108320.263
600393.SH,20191203,2.9,2.87,242474.62,69891.878
600393.SH,20191202,2.87,2.88,233743.43,67415.898
600393.SH,20191129,2.88,2.87,186820.6,53605.354
600393.SH,20191128,2.87,2.84,322015.19,92769.334
600393.SH,20191127,2.84,2.82,216504.57,61103.812
600393.SH,20191126,2.82,2.8,194440.6,54811.967
600393.SH,20191125,2.8,2.81,232766.78,65195.772
600393.SH,20191122,2.81,2.88,455827.36,130252.158
600393.SH,20191121,2.88,2.9,395091.67,114169.673
600393.SH,20191120,2.9,2.83,503719.0,144903.358
600393.SH,20191119,2.83,2.79,378667.01,106799.754
600393.SH,20191118,2.79,2.82,305713.0,85428.906
600393.SH,20191115,2.82,2.8,459825.4,130174.618
600393.SH,20191114,2.8,2.82,457691.56,129723.627
600393.SH,20191113,2.82,2.91,568765.2,161906.36
600393.SH,20191112,2.91,2.78,900939.28,258528.461
600393.SH,20191111,2.78,2.71,651607.1,178925.301
600393.SH,20191108,2.71,2.71,394045.0,106542.586
600393.SH,20191107,2.71,2.66,444677.71,120186.809
600393.SH,20191106,2.66,2.62,599850.71,162259.609
600393.SH,20191105,2.62,2.63,267636.4,70357.623
600393.SH,20191104,2.63,2.67,425876.4,112761.512
600393.SH,20191101,2.67,2.67,485745.75,128973.849
600393.SH,20191031,2.67,2.55,916169.54,243409.091
600393.SH,20191030,2.55,2.52,319951.19,81433.953
600393.SH,20191029,2.52,2.59,442904.0,113088.247
600393.SH,20191028,2.59,2.58,533378.83,137516.085
600393.SH,20191025,2.58,2.59,411543.0,105769.052
600393.SH,20191024,2.59,2.62,395061.27,102388.521
600393.SH,20191023,2.62,2.63,606869.15,157589.971
600393.SH,20191022,2.63,2.64,684367.08,179259.497
600393.SH,20191021,2.64,2.71,930216.38,242590.51
600393.SH,20191018,2.71,2.91,1681844.18,460165.909
600393.SH,20191017,2.91,3.23,2600864.8,785296.881
600393.SH,20191016,3.23,2.94,3152431.7,1006077.916
600393.SH,20191015,2.94,2.67,1782842.12,496575.121
600393.SH,20191014,2.67,2.43,615962.8,161416.37
600393.SH,20191011,2.43,2.42,192570.98,46594.826
600393.SH,20191010,2.42,2.42,265173.78,64114.5
600393.SH,20191009,2.42,2.38,213546.83,51154.129
600393.SH,20191008,2.38,2.37,178188.5,42818.622
600393.SH,20190930,2.37,2.42,208362.5,49498.387
600393.SH,20190927,2.42,2.41,190495.0,46216.913
600393.SH,20190926,2.41,2.48,375030.02,92472.588
600393.SH,20190925,2.48,2.59,387398.0,96902.319
600393.SH,20190924,2.59,2.68,596701.14,155553.629
600393.SH,20190923,2.68,2.74,549737.3,144417.174
600393.SH,20190920,2.74,2.81,361659.97,99447.834
600393.SH,20190919,2.81,2.79,384518.32,107707.677
600393.SH,20190918,2.79,2.64,640835.07,176795.448
600393.SH,20190917,2.64,2.78,419409.0,112268.377
600393.SH,20190916,2.78,2.78,326195.54,91024.525
600393.SH,20190912,2.78,2.74,364164.17,100768.864
600393.SH,20190911,2.74,2.82,508125.36,140848.642
600393.SH,20190910,2.82,2.7,801871.92,223699.718
600393.SH,20190909,2.7,2.55,815199.89,215414.186
600393.SH,20190906,2.55,2.65,723602.43,185478.31
600393.SH,20190905,2.65,2.54,798872.12,207046.409
600393.SH,20190904,2.54,2.48,499186.53,124276.431
600393.SH,20190903,2.48,2.5,397465.28,98839.962
600393.SH,20190902,2.5,2.49,317508.1,79481.794
600393.SH,20190830,2.49,2.59,442117.98,111506.247
600393.SH,20190829,2.59,2.55,649568.24,168584.365
600393.SH,20190828,2.55,2.46,704712.0,178187.482
600393.SH,20190827,2.46,2.35,579486.0,141874.406
600393.SH,20190826,2.35,2.41,370822.94,86691.904
600393.SH,20190823,2.41,2.51,496493.62,120976.682
600393.SH,20190822,2.51,2.48,600810.42,147229.289
600393.SH,20190821,2.48,2.52,451307.69,112388.474
600393.SH,20190820,2.52,2.55,368401.69,94142.826
600393.SH,20190819,2.55,2.45,483076.76,121384.612
600393.SH,20190816,2.45,2.5,443197.0,109705.363
600393.SH,20190815,2.5,2.55,490203.97,120478.003
600393.SH,20190814,2.55,2.68,918482.67,237410.289
600393.SH,20190813,2.68,2.61,1058275.6,287902.833
600393.SH,20190812,2.61,2.57,461567.0,118211.365
600393.SH,20190809,2.57,2.61,359420.02,92252.557
600393.SH,20190808,2.61,2.57,401729.44,103891.699
600393.SH,20190807,2.57,2.57,342881.0,87944.449
600393.SH,20190806,2.57,2.66,619309.23,154853.855
600393.SH,20190805,2.66,2.69,319951.0,86363.08
600393.SH,20190802,2.69,2.78,525224.38,140428.3
600393.SH,20190801,2.78,2.83,479894.1,134141.118
600393.SH,20190731,2.83,2.92,394627.51,112719.508
600393.SH,20190730,2.92,2.92,357367.63,105481.118
600393.SH,20190729,2.92,2.95,408660.51,119561.907
600393.SH,20190726,2.95,3.02,413208.0,124059.288
600393.SH,20190725,3.02,3.02,740039.27,226881.119
600393.SH,20190724,3.02,2.84,1317236.41,384247.108
600393.SH,20190723,2.84,3.16,1736199.44,497994.382
600393.SH,20190722,3.16,3.51,533906.52,175995.443
600393.SH,20190719,3.51,3.6299999999999994,1223288.53,423056.333
600393.SH,20190718,3.6299999999999994,3.79,541174.25,197994.495
600393.SH,20190717,3.79,3.7700000000000005,323662.76,122573.177
600393.SH,20190716,3.7700000000000005,3.7500000000000004,394230.0,148930.85
600393.SH,20190715,3.7500000000000004,3.87,435775.09,164907.5
600393.SH,20190712,3.87,3.7999999999999994,456893.91,177069.643
600393.SH,20190711,3.7999999999999994,4.02,847468.04,323397.729
600393.SH,20190710,4.02,4.47,726888.61,303836.808
600393.SH,20190709,4.47,4.68,824110.69,363057.08
600393.SH,20190708,4.68,4.55,749355.51,351647.616
600393.SH,20190705,4.55,4.59,239345.96,108642.373
600393.SH,20190704,4.59,4.55,222477.95,101710.141
600393.SH,20190703,4.55,4.55,232393.31,106097.055
600393.SH,20190702,4.55,4.75,700539.9,313931.313
600393.SH,20190701,4.75,4.65,318213.0,151256.834
600393.SH,20190628,4.65,4.75,227737.51,106534.77
600393.SH,20190627,4.75,4.89,305515.15,148279.877
600393.SH,20190626,4.89,4.88,264478.0,127804.678
600393.SH,20190625,4.88,4.95,333808.0,164105.225
600393.SH,20190624,4.95,4.87,432894.85,212693.616
600393.SH,20190621,4.87,4.78,961512.14,466647.866
600393.SH,20190620,4.78,4.52,995710.6,466635.696
600393.SH,20190619,4.52,4.51,396544.85,178971.115
600393.SH,20190618,4.51,4.5,463487.95,207813.27
600393.SH,20190617,4.5,4.65,429957.08,196051.134
600393.SH,20190614,4.65,4.72,1257252.8,608369.495
600393.SH,20190613,4.72,4.29,940693.88,427512.433
600393.SH,20190612,4.29,4.12,440591.62,185874.773
600393.SH,20190611,4.12,4.29,633725.84,261168.298
600393.SH,20190610,4.29,4.41,280986.04,121991.426
600393.SH,20190606,4.41,4.45,207833.28,91382.101
600393.SH,20190605,4.45,4.28,592088.99,262936.772
600393.SH,20190604,4.28,4.27,285538.5,121338.524
600393.SH,20190603,4.27,4.32,168878.4,71978.657
600393.SH,20190531,4.32,4.4,370358.02,162131.907
600393.SH,20190530,4.4,4.27,617239.93,262156.913
600393.SH,20190529,4.27,4.36,553418.46,235686.9
600393.SH,20190528,4.36,4.3,397997.04,173271.891
600393.SH,20190527,4.3,4.23,250796.34,107548.863
600393.SH,20190524,4.23,4.35,431790.0,183974.707
600393.SH,20190523,4.35,4.62,545171.09,239874.217
600393.SH,20190522,4.62,4.63,359473.23,166111.583
600393.SH,20190521,4.63,4.51,792796.04,362293.68
600393.SH,20190520,4.51,4.48,794664.07,358829.902
600393.SH,20190517,4.48,4.33,925445.47,410209.409
600393.SH,20190516,4.33,4.06,984448.72,418612.448
600393.SH,20190515,4.06,4.0,534587.1,217180.367
600393.SH,20190514,4.0,4.11,472252.84,190246.47
600393.SH,20190513,4.11,4.15,498561.37,206352.943
600393.SH,20190510,4.15,4.02,887654.09,363366.969
600393.SH,20190509,4.02,3.91,724282.4,290655.955
600393.SH,20190508,3.91,3.85,872954.28,348568.796
600393.SH,20190507,3.85,3.6200000000000006,747079.19,285515.464
600393.SH,20190506,3.6200000000000006,3.94,885814.61,327452.528
600393.SH,20190430,3.94,3.89,586780.04,231996.557
600393.SH,20190429,3.89,3.99,1101407.6,446160.331
600393.SH,20190426,3.99,4.13,757650.33,300842.774
600393.SH,20190425,4.13,4.27,1552432.18,646443.21
600393.SH,20190424,4.27,3.8800000000000003,2023248.91,838591.372
600393.SH,20190423,3.8800000000000003,3.53,902911.72,337694.134
600393.SH,20190422,3.53,3.7599999999999993,769348.27,275975.644
600393.SH,20190419,3.7599999999999993,3.81,982507.79,370704.555
600393.SH,20190418,3.81,3.9,1720777.52,681170.964
600393.SH,20190417,3.9,3.6499999999999995,2097589.96,773750.265
600393.SH,20190416,3.6499999999999995,3.4,2504220.73,884560.062
600393.SH,20190415,3.4,3.09,1373250.34,448810.711
600393.SH,20190412,3.09,3.13,766284.51,233208.402
600393.SH,20190411,3.13,3.06,1003291.03,312405.201
600393.SH,20190410,3.06,3.04,588853.67,178690.125
600393.SH,20190409,3.04,2.98,729911.0,222148.398
600393.SH,20190408,2.98,2.99,538095.95,160384.236
600393.SH,20190404,2.99,3.02,505675.6,151929.204
600393.SH,20190403,3.02,2.94,637403.98,190965.091
600393.SH,20190402,2.94,2.95,479300.99,142620.803
600393.SH,20190401,2.95,2.83,524589.02,153602.928
600393.SH,20190329,2.83,2.7,466230.63,128841.173
600393.SH,20190328,2.7,2.78,259603.0,71506.232
600393.SH,20190327,2.78,2.81,364402.69,101130.658
600393.SH,20190326,2.81,2.9,419856.8,120148.586
600393.SH,20190325,2.9,2.95,384811.0,112472.338
600393.SH,20190322,2.95,2.98,402774.0,118397.275
600393.SH,20190321,2.98,3.0,616263.37,184028.808
600393.SH,20190320,3.0,2.96,588989.86,173075.486
600393.SH,20190319,2.96,2.95,566166.86,169145.006
600393.SH,20190318,2.95,2.86,460310.92,133553.814
600393.SH,20190315,2.86,2.77,551683.39,156904.29
600393.SH,20190314,2.77,2.89,528660.4,148515.91
600393.SH,20190313,2.89,2.98,618107.69,182207.865
600393.SH,20190312,2.98,3.0,786550.14,236666.004
600393.SH,20190311,3.0,2.94,739016.99,214897.593
600393.SH,20190308,2.94,3.27,1124849.02,344313.509
600393.SH,20190307,3.27,3.24,1107495.44,356320.734
600393.SH,20190306,3.24,3.03,1339739.56,418138.385
600393.SH,20190305,3.03,2.99,738766.27,219471.278
600393.SH,20190304,2.99,2.92,830959.12,247016.433
600393.SH,20190301,2.92,2.97,564069.63,163868.764
600393.SH,20190228,2.97,2.92,749048.2,224392.79
600393.SH,20190227,2.92,2.95,923794.17,273486.562
600393.SH,20190226,2.95,2.92,1369064.41,419490.255
600393.SH,20190225,2.92,2.75,1384873.17,390747.613
600393.SH,20190222,2.75,2.8,893277.69,243882.271
600393.SH,20190221,2.8,2.87,1538264.25,431264.099
600393.SH,20190220,2.87,2.61,2216121.81,617512.011
600393.SH,20190219,2.61,2.37,166270.95,43396.718
600393.SH,20190218,2.37,2.3,352005.21,82662.756
600393.SH,20190215,2.3,2.3,371639.21,85877.898
600393.SH,20190214,2.3,2.28,248586.83,56826.103
600393.SH,20190213,2.28,2.25,272721.71,61971.386
600393.SH,20190212,2.25,2.2,240701.72,53988.486
600393.SH,20190211,2.2,2.15,143990.49,31399.372
600393.SH,20190201,2.15,2.07,131801.0,27976.468
600393.SH,20190131,2.07,2.11,178810.0,37529.844
600393.SH,20190130,2.11,2.11,153851.0,32709.733
600393.SH,20190129,2.11,2.15,173038.33,36451.973
600393.SH,20190128,2.15,2.19,166635.0,36471.028
600393.SH,20190125,2.19,2.28,275356.38,61711.921
600393.SH,20190124,2.28,2.33,455976.74,103403.579
600393.SH,20190123,2.33,2.28,583394.44,138365.915
600393.SH,20190122,2.28,2.31,267159.34,61548.188
600393.SH,20190121,2.31,2.34,270834.28,62627.371
600393.SH,20190118,2.34,2.31,368849.92,85972.603
600393.SH,20190117,2.31,2.28,354506.76,81091.461
600393.SH,20190116,2.28,2.3,266201.02,60705.467
600393.SH,20190115,2.3,2.29,227228.07,51836.071
600393.SH,20190114,2.29,2.35,267667.48,61750.653
600393.SH,20190111,2.35,2.25,446144.99,103797.142
600393.SH,20190110,2.25,2.27,184016.88,41683.053
600393.SH,20190109,2.27,2.26,268429.26,61514.233
600393.SH,20190108,2.26,2.25,236397.03,53355.126
600393.SH,20190107,2.25,2.21,253715.46,57077.06
600393.SH,20190104,2.21,2.14,321479.97,69328.343
600393.SH,20190103,2.14,2.1,258046.6,54976.593
600393.SH,20190102,2.1,2.12,164730.0,34827.76
600393.SH,20181228,2.12,2.1,172089.29,36534.943
600393.SH,20181227,2.1,2.17,224865.02,48843.601
600393.SH,20181226,2.17,2.19,177034.73,38781.278
600393.SH,20181225,2.19,2.27,357665.2,77865.716
600393.SH,20181224,2.27,2.31,224580.0,51141.168
600393.SH,20181221,2.31,2.36,385734.05,89116.71
600393.SH,20181220,2.36,2.35,496421.74,118021.642
600393.SH,20181219,2.35,2.28,488484.8,114760.506
600393.SH,20181218,2.28,2.3,214373.36,49207.43
600393.SH,20181217,2.3,2.26,227583.57,52010.027
600393.SH,20181214,2.26,2.34,301141.0,69630.688
600393.SH,20181213,2.34,2.33,351079.81,82756.793
600393.SH,20181212,2.33,2.28,423349.79,99355.859
600393.SH,20181211,2.28,2.25,193329.0,43803.748
600393.SH,20181210,2.25,2.31,186990.36,42270.029
600393.SH,20181207,2.31,2.29,165530.2,38200.407
600393.SH,20181206,2.29,2.34,275541.36,63551.172
600393.SH,20181205,2.34,2.4,317496.0,74359.088
600393.SH,20181204,2.4,2.34,396755.02,94640.469
600393.SH,20181203,2.34,2.25,347879.52,80921.611
600393.SH,20181130,2.25,2.24,262469.08,58612.622
600393.SH,20181129,2.24,2.34,369057.02,85084.636
600393.SH,20181128,2.34,2.36,532389.97,121672.627
600393.SH,20181127,2.36,2.38,270316.31,64303.969
600393.SH,20181126,2.38,2.45,350151.46,84028.05
600393.SH,20181123,2.45,2.72,772878.23,195467.025
600393.SH,20181122,2.72,2.79,452079.4,124153.816
600393.SH,20181121,2.79,2.74,751988.67,205476.378
600393.SH,20181120,2.74,2.75,635623.06,173508.944
600393.SH,20181119,2.75,2.76,859728.84,236761.228
600393.SH,20181116,2.76,2.75,974932.86,265214.812
600393.SH,20181115,2.75,2.82,1149327.23,313800.959
600393.SH,20181114,2.82,2.89,2119529.46,610897.78
600393.SH,20181113,2.89,2.63,634896.27,182683.482
600393.SH,20181112,2.63,2.39,706815.72,179388.968
600393.SH,20181109,2.39,2.29,1179154.64,281754.247
600393.SH,20181108,2.29,2.19,752578.52,169426.841
600393.SH,20181107,2.19,2.22,553956.52,123249.716
600393.SH,20181106,2.22,2.18,581953.96,126663.947
600393.SH,20181105,2.18,2.15,643364.44,139673.13
600393.SH,20181102,2.15,2.08,689175.37,146872.817
600393.SH,20181101,2.08,,542870.77,114429.855
